0.0000000e+00 2.4678064e-05 
1.2800000e+02 7.5423427e-06 
2.5600000e+02 7.0849850e-08 
3.8400000e+02 3.2774230e-09 
5.1200000e+02 5.4076121e-10 
6.4000000e+02 1.6132748e-10 
7.6800000e+02 7.5475945e-11 
8.9600000e+02 4.4940950e-11 
1.0240000e+03 4.0090428e-11 
1.1520000e+03 4.0210512e-11 
1.2800000e+03 2.6856564e-11 
1.4080000e+03 2.3204437e-11 
1.5360000e+03 2.0784860e-11 
1.6640000e+03 1.9090991e-11 
1.7920000e+03 1.8064876e-11 
1.9200000e+03 1.7369568e-11 
2.0480000e+03 1.6079379e-11 
2.1760000e+03 1.5093636e-11 
2.3040000e+03 1.4539134e-11 
2.4320000e+03 1.4125704e-11 
2.5600000e+03 1.4122013e-11 
2.6880000e+03 1.7014072e-11 
2.8160000e+03 1.5707288e-11 
2.9440000e+03 1.2865156e-11 
3.0720000e+03 1.3180249e-11 
3.2000000e+03 1.1887209e-11 
3.3280000e+03 1.1471240e-11 
3.4560000e+03 1.3710446e-11 
3.5840000e+03 6.0909783e-10 
3.7120000e+03 1.5255146e-09 
3.8400000e+03 2.4648386e-10 
3.9680000e+03 1.0850291e-11 
4.0960000e+03 9.8966703e-12 
4.2240000e+03 9.5158777e-12 
4.3520000e+03 9.3828313e-12 
4.4800000e+03 9.1440727e-12 
4.6080000e+03 8.8081807e-12 
4.7360000e+03 8.8841729e-12 
4.8640000e+03 8.6068080e-12 
4.9920000e+03 8.7841904e-12 
5.1200000e+03 8.3736447e-12 
5.2480000e+03 8.0656983e-12 
5.3760000e+03 8.1762964e-12 
5.5040000e+03 7.9135041e-12 
5.6320000e+03 7.6569888e-12 
5.7600000e+03 7.5773702e-12 
5.8880000e+03 7.5679749e-12 
6.0160000e+03 7.5952951e-12 
6.1440000e+03 7.4901864e-12 
6.2720000e+03 7.4832493e-12 
6.4000000e+03 7.4823455e-12 
6.5280000e+03 7.3191713e-12 
6.6560000e+03 7.2470268e-12 
6.7840000e+03 7.1511334e-12 
6.9120000e+03 7.2809866e-12 
7.0400000e+03 7.3693916e-12 
7.1680000e+03 7.1075489e-12 
7.2960000e+03 6.8638064e-12 
7.4240000e+03 6.8229918e-12 
7.5520000e+03 6.8126763e-12 
7.6800000e+03 6.6192880e-12 
7.8080000e+03 6.4945579e-12 
7.9360000e+03 6.5554528e-12 
8.0640000e+03 6.2759286e-12 
8.1920000e+03 6.3286837e-12 
8.3200000e+03 6.7730283e-12 
8.4480000e+03 6.4031211e-12 
8.5760000e+03 6.3209615e-12 
8.7040000e+03 6.3935250e-12 
8.8320000e+03 6.1749872e-12 
8.9600000e+03 6.0559557e-12 
9.0880000e+03 6.1493315e-12 
9.2160000e+03 6.1696741e-12 
9.3440000e+03 6.0896540e-12 
9.4720000e+03 5.9456780e-12 
9.6000000e+03 5.9239922e-12 
9.7280000e+03 5.8794241e-12 
9.8560000e+03 5.8260623e-12 
9.9840000e+03 5.6855336e-12 
1.0112000e+04 5.7798952e-12 
1.0240000e+04 5.7212147e-12 
1.0368000e+04 5.7465100e-12 
1.0496000e+04 5.8843321e-12 
1.0624000e+04 5.8935656e-12 
1.0752000e+04 5.6659161e-12 
1.0880000e+04 5.6965183e-12 
1.1008000e+04 5.6601087e-12 
1.1136000e+04 5.4696902e-12 
1.1264000e+04 5.4484720e-12 
1.1392000e+04 5.4320936e-12 
1.1520000e+04 5.4987737e-12 
1.1648000e+04 5.4304955e-12 
1.1776000e+04 5.3661155e-12 
1.1904000e+04 5.4501950e-12 
1.2032000e+04 5.2999848e-12 
1.2160000e+04 5.2454855e-12 
1.2288000e+04 5.2377278e-12 
1.2416000e+04 5.2498184e-12 
1.2544000e+04 5.3373235e-12 
1.2672000e+04 5.4725616e-12 
1.2800000e+04 5.4568654e-12 
1.2928000e+04 5.1847905e-12 
1.3056000e+04 5.1346319e-12 
1.3184000e+04 5.0707190e-12 
1.3312000e+04 5.0947493e-12 
1.3440000e+04 5.1132536e-12 
1.3568000e+04 5.1288509e-12 
1.3696000e+04 5.0469130e-12 
1.3824000e+04 5.0873932e-12 
1.3952000e+04 5.1049178e-12 
1.4080000e+04 5.0127727e-12 
1.4208000e+04 4.8725633e-12 
1.4336000e+04 4.9637985e-12 
1.4464000e+04 5.0596298e-12 
1.4592000e+04 4.9118500e-12 
1.4720000e+04 5.0721892e-12 
1.4848000e+04 5.3768140e-12 
1.4976000e+04 5.5123141e-12 
1.5104000e+04 6.5146832e-11 
1.5232000e+04 2.6367916e-10 
1.5360000e+04 9.0284884e-11 
1.5488000e+04 5.7465734e-12 
1.5616000e+04 4.9057594e-12 
1.5744000e+04 4.7976059e-12 
1.5872000e+04 4.8851197e-12 
1.6000000e+04 4.8398577e-12 
1.6128000e+04 4.8035092e-12 
1.6256000e+04 4.6937324e-12 
1.6384000e+04 4.7989121e-12 
1.6512000e+04 4.8981275e-12 
1.6640000e+04 4.7929304e-12 
1.6768000e+04 4.8398468e-12 
1.6896000e+04 4.7889535e-12 
1.7024000e+04 4.7040197e-12 
1.7152000e+04 4.6994045e-12 
1.7280000e+04 4.7898686e-12 
1.7408000e+04 4.8243549e-12 
1.7536000e+04 4.7082672e-12 
1.7664000e+04 4.8041206e-12 
1.7792000e+04 4.6589520e-12 
1.7920000e+04 4.6329060e-12 
1.8048000e+04 4.6487631e-12 
1.8176000e+04 4.5786556e-12 
1.8304000e+04 4.6551782e-12 
1.8432000e+04 4.6216069e-12 
1.8560000e+04 4.6927327e-12 
1.8688000e+04 4.7423012e-12 
1.8816000e+04 4.5898498e-12 
1.8944000e+04 4.5871497e-12 
1.9072000e+04 4.6151568e-12 
1.9200000e+04 4.7155513e-12 
1.9328000e+04 4.5564594e-12 
1.9456000e+04 4.7149199e-12 
1.9584000e+04 4.7711305e-12 
1.9712000e+04 4.6636093e-12 
1.9840000e+04 4.6247645e-12 
1.9968000e+04 4.5959616e-12 
2.0096000e+04 4.4915694e-12 
2.0224000e+04 4.5475832e-12 
2.0352000e+04 4.5034801e-12 
2.0480000e+04 4.5883080e-12 
2.0608000e+04 4.6355723e-12 
2.0736000e+04 4.5691341e-12 
2.0864000e+04 4.5366215e-12 
2.0992000e+04 4.6622576e-12 
2.1120000e+04 4.8486336e-12 
2.1248000e+04 4.6512546e-12 
2.1376000e+04 4.6764897e-12 
2.1504000e+04 4.6736048e-12 
2.1632000e+04 4.5531088e-12 
2.1760000e+04 4.4847394e-12 
2.1888000e+04 4.4154862e-12 
2.2016000e+04 4.4229876e-12 
2.2144000e+04 4.4939668e-12 
2.2272000e+04 4.4705511e-12 
2.2400000e+04 4.4544902e-12 
2.2528000e+04 4.4700996e-12 
2.2656000e+04 4.4197640e-12 
2.2784000e+04 4.4411970e-12 
2.2912000e+04 4.4207056e-12 
2.3040000e+04 4.4906917e-12 
2.3168000e+04 4.4375805e-12 
2.3296000e+04 4.4763958e-12 
2.3424000e+04 4.5766052e-12 
2.3552000e+04 4.4711010e-12 
2.3680000e+04 4.4350279e-12 
2.3808000e+04 4.4281965e-12 
2.3936000e+04 4.4385060e-12 
2.4064000e+04 4.5326087e-12 
2.4192000e+04 4.6170424e-12 
2.4320000e+04 4.5774795e-12 
2.4448000e+04 4.4935622e-12 
2.4576000e+04 4.6516836e-12 
2.4704000e+04 5.5447404e-12 
2.4832000e+04 6.0664308e-12 
2.4960000e+04 5.7962276e-12 
2.5088000e+04 9.7384349e-12 
2.5216000e+04 7.0550991e-12 
2.5344000e+04 4.7117115e-12 
2.5472000e+04 5.0813195e-12 
2.5600000e+04 5.8585203e-12 
2.5728000e+04 5.2362789e-12 
2.5856000e+04 4.7182236e-12 
2.5984000e+04 4.7599017e-12 
2.6112000e+04 5.0220167e-12 
2.6240000e+04 5.3194801e-12 
2.6368000e+04 5.8320015e-12 
2.6496000e+04 6.7827176e-12 
2.6624000e+04 9.2076242e-12 
2.6752000e+04 1.9414661e-11 
2.6880000e+04 4.2696104e-11 
2.7008000e+04 3.6953742e-11 
2.7136000e+04 1.5258898e-11 
2.7264000e+04 8.3074719e-12 
2.7392000e+04 6.4401227e-12 
2.7520000e+04 5.7246833e-12 
2.7648000e+04 7.9792718e-12 
2.7776000e+04 5.5797953e-11 
2.7904000e+04 5.9367025e-11 
2.8032000e+04 8.5362247e-12 
2.8160000e+04 4.9902469e-12 
2.8288000e+04 4.6828609e-12 
2.8416000e+04 4.6943508e-12 
2.8544000e+04 4.7054556e-12 
2.8672000e+04 4.6030822e-12 
2.8800000e+04 4.6581233e-12 
2.8928000e+04 4.6363052e-12 
2.9056000e+04 4.5547390e-12 
2.9184000e+04 4.6427749e-12 
2.9312000e+04 4.6012634e-12 
2.9440000e+04 4.7479386e-12 
2.9568000e+04 4.7471254e-12 
2.9696000e+04 4.6262473e-12 
2.9824000e+04 4.6532058e-12 
2.9952000e+04 4.5994953e-12 
3.0080000e+04 4.6766332e-12 
3.0208000e+04 4.7979325e-12 
3.0336000e+04 4.8929675e-12 
3.0464000e+04 5.1617638e-12 
3.0592000e+04 5.1573225e-12 
3.0720000e+04 5.9825847e-12 
3.0848000e+04 7.6587712e-12 
3.0976000e+04 7.7892684e-12 
3.1104000e+04 6.4159715e-12 
3.1232000e+04 5.6383253e-12 
3.1360000e+04 5.3255928e-12 
3.1488000e+04 5.4302925e-12 
3.1616000e+04 5.1355001e-12 
3.1744000e+04 4.7179131e-12 
3.1872000e+04 4.6901367e-12 
3.2000000e+04 4.6953201e-12 
3.2128000e+04 4.5854171e-12 
3.2256000e+04 4.6547696e-12 
3.2384000e+04 4.6447837e-12 
3.2512000e+04 4.7033484e-12 
3.2640000e+04 4.5722454e-12 
3.2768000e+04 4.6037800e-12 
3.2896000e+04 4.6607223e-12 
3.3024000e+04 4.5906564e-12 
3.3152000e+04 4.7252952e-12 
3.3280000e+04 4.6938252e-12 
3.3408000e+04 4.6252824e-12 
3.3536000e+04 4.6785540e-12 
3.3664000e+04 4.6892100e-12 
3.3792000e+04 4.8056719e-12 
3.3920000e+04 4.8731410e-12 
3.4048000e+04 4.7075126e-12 
3.4176000e+04 4.7688993e-12 
3.4304000e+04 4.6804344e-12 
3.4432000e+04 4.5886203e-12 
3.4560000e+04 4.7841501e-12 
3.4688000e+04 4.8081526e-12 
3.4816000e+04 4.7140087e-12 
3.4944000e+04 4.7219342e-12 
3.5072000e+04 4.8002613e-12 
3.5200000e+04 4.8313627e-12 
3.5328000e+04 4.7556390e-12 
3.5456000e+04 4.7477716e-12 
3.5584000e+04 4.8308003e-12 
3.5712000e+04 4.7861151e-12 
3.5840000e+04 4.7104183e-12 
3.5968000e+04 4.7426971e-12 
3.6096000e+04 4.7738133e-12 
3.6224000e+04 4.8099792e-12 
3.6352000e+04 4.7568403e-12 
3.6480000e+04 4.7588045e-12 
3.6608000e+04 4.8569239e-12 
3.6736000e+04 4.7935618e-12 
3.6864000e+04 4.8118597e-12 
3.6992000e+04 4.8047538e-12 
3.7120000e+04 4.8665004e-12 
3.7248000e+04 4.8863426e-12 
3.7376000e+04 4.9602245e-12 
3.7504000e+04 4.8291670e-12 
3.7632000e+04 4.7851484e-12 
3.7760000e+04 4.8096943e-12 
3.7888000e+04 4.7907628e-12 
3.8016000e+04 4.9243669e-12 
3.8144000e+04 4.9684224e-12 
3.8272000e+04 4.9982965e-12 
3.8400000e+04 5.0333882e-12 
3.8528000e+04 5.0237926e-12 
3.8656000e+04 4.9394529e-12 
3.8784000e+04 4.9618148e-12 
3.8912000e+04 4.9795849e-12 
3.9040000e+04 5.0652325e-12 
3.9168000e+04 5.2460614e-12 
3.9296000e+04 5.1239091e-12 
3.9424000e+04 5.1264414e-12 
3.9552000e+04 5.1448121e-12 
3.9680000e+04 5.0482652e-12 
3.9808000e+04 5.0304713e-12 
3.9936000e+04 5.1478405e-12 
4.0064000e+04 5.2420425e-12 
4.0192000e+04 5.1853825e-12 
4.0320000e+04 5.2457851e-12 
4.0448000e+04 5.1538695e-12 
4.0576000e+04 5.2523780e-12 
4.0704000e+04 5.2794136e-12 
4.0832000e+04 5.2858169e-12 
4.0960000e+04 5.2344162e-12 
4.1088000e+04 5.2026734e-12 
4.1216000e+04 5.2373596e-12 
4.1344000e+04 5.3062034e-12 
4.1472000e+04 5.2717561e-12 
4.1600000e+04 5.3006020e-12 
4.1728000e+04 5.2552624e-12 
4.1856000e+04 5.2700314e-12 
4.1984000e+04 5.2705058e-12 
4.2112000e+04 5.2757976e-12 
4.2240000e+04 5.2753691e-12 
4.2368000e+04 5.3543684e-12 
4.2496000e+04 5.4371533e-12 
4.2624000e+04 5.4069115e-12 
4.2752000e+04 5.4439990e-12 
4.2880000e+04 5.6748564e-12 
4.3008000e+04 5.6611903e-12 
4.3136000e+04 5.6598975e-12 
4.3264000e+04 5.6134567e-12 
4.3392000e+04 5.5982909e-12 
4.3520000e+04 5.6120269e-12 
4.3648000e+04 5.5480291e-12 
4.3776000e+04 5.5116241e-12 
4.3904000e+04 5.6704593e-12 
4.4032000e+04 5.5322621e-12 
4.4160000e+04 5.5747494e-12 
4.4288000e+04 5.6611404e-12 
4.4416000e+04 5.6752428e-12 
4.4544000e+04 5.8056416e-12 
4.4672000e+04 5.7651787e-12 
4.4800000e+04 5.5803469e-12 
4.4928000e+04 5.5884646e-12 
4.5056000e+04 5.7186651e-12 
4.5184000e+04 5.7677365e-12 
4.5312000e+04 5.8922975e-12 
4.5440000e+04 5.9503409e-12 
4.5568000e+04 5.9651507e-12 
4.5696000e+04 5.8856761e-12 
4.5824000e+04 5.9355550e-12 
4.5952000e+04 5.8254612e-12 
4.6080000e+04 5.8728174e-12 
4.6208000e+04 5.9315682e-12 
4.6336000e+04 5.9566163e-12 
4.6464000e+04 6.1122015e-12 
4.6592000e+04 5.9093884e-12 
4.6720000e+04 5.9951571e-12 
4.6848000e+04 6.1581417e-12 
4.6976000e+04 6.2897391e-12 
4.7104000e+04 6.2155003e-12 
4.7232000e+04 6.1808072e-12 
4.7360000e+04 6.2352133e-12 
4.7488000e+04 6.2561146e-12 
4.7616000e+04 6.3339390e-12 
4.7744000e+04 6.2858039e-12 
4.7872000e+04 6.2976998e-12 
4.8000000e+04 6.5305105e-12 
4.8128000e+04 6.4669069e-12 
4.8256000e+04 6.5764169e-12 
4.8384000e+04 6.4889413e-12 
4.8512000e+04 6.4971539e-12 
4.8640000e+04 6.4591579e-12 
4.8768000e+04 6.6212504e-12 
4.8896000e+04 6.5386611e-12 
4.9024000e+04 6.6860636e-12 
4.9152000e+04 6.6726433e-12 
4.9280000e+04 6.6066978e-12 
4.9408000e+04 6.7382554e-12 
4.9536000e+04 6.7734598e-12 
4.9664000e+04 6.7276991e-12 
4.9792000e+04 6.8741536e-12 
4.9920000e+04 6.8330975e-12 
5.0048000e+04 6.7423259e-12 
5.0176000e+04 6.7876343e-12 
5.0304000e+04 6.7796350e-12 
5.0432000e+04 6.8735347e-12 
5.0560000e+04 6.8046176e-12 
5.0688000e+04 6.9338558e-12 
5.0816000e+04 7.1490925e-12 
5.0944000e+04 7.1408396e-12 
5.1072000e+04 6.9935850e-12 
5.1200000e+04 7.0188165e-12 
5.1328000e+04 7.3315572e-12 
5.1456000e+04 7.7683433e-12 
5.1584000e+04 7.6103707e-12 
5.1712000e+04 7.4352070e-12 
5.1840000e+04 7.3932188e-12 
5.1968000e+04 7.2572031e-12 
5.2096000e+04 7.3534529e-12 
5.2224000e+04 7.4555128e-12 
5.2352000e+04 7.5054329e-12 
5.2480000e+04 7.4036974e-12 
5.2608000e+04 7.5151135e-12 
5.2736000e+04 7.6347427e-12 
5.2864000e+04 7.7014055e-12 
5.2992000e+04 7.5229562e-12 
5.3120000e+04 7.5747585e-12 
5.3248000e+04 7.6732986e-12 
5.3376000e+04 7.8996488e-12 
5.3504000e+04 7.8981231e-12 
5.3632000e+04 7.8752621e-12 
5.3760000e+04 7.9456129e-12 
5.3888000e+04 7.9542024e-12 
5.4016000e+04 8.0330161e-12 
5.4144000e+04 8.0983354e-12 
5.4272000e+04 8.1585416e-12 
5.4400000e+04 8.1736397e-12 
5.4528000e+04 8.0003608e-12 
5.4656000e+04 7.9631501e-12 
5.4784000e+04 8.0073734e-12 
5.4912000e+04 8.1843620e-12 
5.5040000e+04 8.4395841e-12 
5.5168000e+04 8.5123211e-12 
5.5296000e+04 8.4979775e-12 
5.5424000e+04 8.3153016e-12 
5.5552000e+04 8.5266698e-12 
5.5680000e+04 8.6343129e-12 
5.5808000e+04 8.5560422e-12 
5.5936000e+04 8.7339511e-12 
5.6064000e+04 8.7893425e-12 
5.6192000e+04 8.5069209e-12 
5.6320000e+04 8.8062465e-12 
5.6448000e+04 8.9746240e-12 
5.6576000e+04 9.2458975e-12 
5.6704000e+04 9.1147437e-12 
5.6832000e+04 9.0937318e-12 
5.6960000e+04 9.1810535e-12 
5.7088000e+04 9.1416839e-12 
5.7216000e+04 9.1816381e-12 
5.7344000e+04 9.0362440e-12 
5.7472000e+04 9.1687239e-12 
5.7600000e+04 9.3181123e-12 
5.7728000e+04 9.3110554e-12 
5.7856000e+04 9.2695400e-12 
5.7984000e+04 9.5561042e-12 
5.8112000e+04 9.4608306e-12 
5.8240000e+04 9.7269146e-12 
5.8368000e+04 1.0231587e-11 
5.8496000e+04 1.0070097e-11 
5.8624000e+04 9.7270646e-12 
5.8752000e+04 1.0153720e-11 
5.8880000e+04 1.0136566e-11 
5.9008000e+04 1.0045758e-11 
5.9136000e+04 1.0017825e-11 
5.9264000e+04 9.8994745e-12 
5.9392000e+04 1.0101391e-11 
5.9520000e+04 1.0193933e-11 
5.9648000e+04 1.0220988e-11 
5.9776000e+04 1.0499226e-11 
5.9904000e+04 1.0556002e-11 
6.0032000e+04 1.0471227e-11 
6.0160000e+04 1.0544535e-11 
6.0288000e+04 1.0674276e-11 
6.0416000e+04 1.0500286e-11 
6.0544000e+04 1.0602023e-11 
6.0672000e+04 1.0761995e-11 
6.0800000e+04 1.0859254e-11 
6.0928000e+04 1.0897810e-11 
6.1056000e+04 1.1102521e-11 
6.1184000e+04 1.1206056e-11 
6.1312000e+04 1.1329349e-11 
6.1440000e+04 1.1194422e-11 
6.1568000e+04 1.1273882e-11 
6.1696000e+04 1.1347973e-11 
6.1824000e+04 1.1301072e-11 
6.1952000e+04 1.1421272e-11 
6.2080000e+04 1.1548048e-11 
6.2208000e+04 1.1771925e-11 
6.2336000e+04 1.1851606e-11 
6.2464000e+04 1.1843229e-11 
6.2592000e+04 1.2001856e-11 
6.2720000e+04 1.2171854e-11 
6.2848000e+04 1.2485748e-11 
6.2976000e+04 1.2535198e-11 
6.3104000e+04 1.2356897e-11 
6.3232000e+04 1.2735493e-11 
6.3360000e+04 1.3195886e-11 
6.3488000e+04 1.3072676e-11 
6.3616000e+04 1.2930070e-11 
6.3744000e+04 1.2934613e-11 
6.3872000e+04 1.3239075e-11 
6.4000000e+04 1.4039519e-11 
6.4128000e+04 1.3690349e-11 
6.4256000e+04 1.3719089e-11 
6.4384000e+04 1.5157708e-11 
6.4512000e+04 1.6591907e-11 
6.4640000e+04 1.7374298e-11 
6.4768000e+04 1.9160288e-11 
6.4896000e+04 1.9469478e-11 
6.5024000e+04 1.7718674e-11 
6.5152000e+04 1.6203615e-11 
6.5280000e+04 1.5196434e-11 
6.5408000e+04 1.4762564e-11 
6.5536000e+04 1.4685515e-11 
6.5664000e+04 1.4778619e-11 
6.5792000e+04 1.5087242e-11 
6.5920000e+04 1.4961312e-11 
6.6048000e+04 1.4974064e-11 
6.6176000e+04 1.4919056e-11 
6.6304000e+04 1.5014894e-11 
6.6432000e+04 1.4704587e-11 
6.6560000e+04 1.5449766e-11 
6.6688000e+04 1.5875502e-11 
6.6816000e+04 1.5530894e-11 
6.6944000e+04 1.5903206e-11 
6.7072000e+04 1.6132040e-11 
6.7200000e+04 1.5622529e-11 
6.7328000e+04 1.5621466e-11 
6.7456000e+04 1.6013310e-11 
6.7584000e+04 1.6103584e-11 
6.7712000e+04 1.6367796e-11 
6.7840000e+04 1.6392507e-11 
6.7968000e+04 1.6603826e-11 
6.8096000e+04 1.7049077e-11 
6.8224000e+04 1.7498045e-11 
6.8352000e+04 1.6998312e-11 
6.8480000e+04 1.6723260e-11 
6.8608000e+04 1.7029621e-11 
6.8736000e+04 1.7146696e-11 
6.8864000e+04 1.7439279e-11 
6.8992000e+04 1.7926331e-11 
6.9120000e+04 1.8440586e-11 
6.9248000e+04 1.8985013e-11 
6.9376000e+04 1.8470251e-11 
6.9504000e+04 1.8035348e-11 
6.9632000e+04 1.8330771e-11 
6.9760000e+04 1.8081663e-11 
6.9888000e+04 1.8031030e-11 
7.0016000e+04 1.8544503e-11 
7.0144000e+04 1.9043133e-11 
7.0272000e+04 1.8596210e-11 
7.0400000e+04 1.9071550e-11 
7.0528000e+04 1.9287055e-11 
7.0656000e+04 1.9034899e-11 
7.0784000e+04 1.9567200e-11 
7.0912000e+04 2.0016088e-11 
7.1040000e+04 1.9873965e-11 
7.1168000e+04 1.9711847e-11 
7.1296000e+04 1.9977754e-11 
7.1424000e+04 2.0003785e-11 
7.1552000e+04 2.0781574e-11 
7.1680000e+04 2.0952629e-11 
7.1808000e+04 2.1128153e-11 
7.1936000e+04 2.1798882e-11 
7.2064000e+04 2.2063367e-11 
7.2192000e+04 2.1247773e-11 
7.2320000e+04 2.1388681e-11 
7.2448000e+04 2.1660077e-11 
7.2576000e+04 2.2563722e-11 
7.2704000e+04 2.3023795e-11 
7.2832000e+04 2.3541896e-11 
7.2960000e+04 2.3359755e-11 
7.3088000e+04 2.3336735e-11 
7.3216000e+04 2.2907502e-11 
7.3344000e+04 2.3089513e-11 
7.3472000e+04 2.3585724e-11 
7.3600000e+04 2.4484930e-11 
7.3728000e+04 2.5428076e-11 
7.3856000e+04 2.9183891e-11 
7.3984000e+04 4.1141014e-11 
7.4112000e+04 3.7086167e-11 
7.4240000e+04 2.9536876e-11 
7.4368000e+04 2.6384887e-11 
7.4496000e+04 2.6214751e-11 
7.4624000e+04 2.6523958e-11 
7.4752000e+04 2.6727837e-11 
7.4880000e+04 2.7562711e-11 
7.5008000e+04 2.7192682e-11 
7.5136000e+04 2.6603348e-11 
7.5264000e+04 2.7917045e-11 
7.5392000e+04 2.8912478e-11 
7.5520000e+04 2.8789002e-11 
7.5648000e+04 2.8557422e-11 
7.5776000e+04 2.8588668e-11 
7.5904000e+04 2.7965271e-11 
7.6032000e+04 2.7345138e-11 
7.6160000e+04 2.7956184e-11 
7.6288000e+04 2.9093032e-11 
7.6416000e+04 2.9830131e-11 
7.6544000e+04 3.2068223e-11 
7.6672000e+04 3.4979200e-11 
7.6800000e+04 3.7990892e-11 
7.6928000e+04 3.6359700e-11 
7.7056000e+04 3.2994982e-11 
7.7184000e+04 3.1379423e-11 
7.7312000e+04 3.1152511e-11 
7.7440000e+04 3.1637849e-11 
7.7568000e+04 3.1273761e-11 
7.7696000e+04 3.0752182e-11 
7.7824000e+04 3.1401760e-11 
7.7952000e+04 3.1107190e-11 
7.8080000e+04 3.1899733e-11 
7.8208000e+04 3.2696235e-11 
7.8336000e+04 3.3628291e-11 
7.8464000e+04 3.3578557e-11 
7.8592000e+04 3.4499077e-11 
7.8720000e+04 3.5986766e-11 
7.8848000e+04 3.5448491e-11 
7.8976000e+04 3.7050842e-11 
7.9104000e+04 3.9607147e-11 
7.9232000e+04 3.5874175e-11 
7.9360000e+04 3.5298417e-11 
7.9488000e+04 3.6941086e-11 
7.9616000e+04 3.8343908e-11 
7.9744000e+04 3.6932405e-11 
7.9872000e+04 3.8287956e-11 
8.0000000e+04 4.0417395e-11 
8.0128000e+04 3.8615992e-11 
8.0256000e+04 3.8245941e-11 
8.0384000e+04 3.9805159e-11 
8.0512000e+04 4.2675110e-11 
8.0640000e+04 7.4198592e-11 
8.0768000e+04 1.9679669e-10 
8.0896000e+04 1.3726020e-10 
8.1024000e+04 5.3242480e-11 
8.1152000e+04 4.4073006e-11 
8.1280000e+04 4.2280731e-11 
8.1408000e+04 5.3791641e-11 
8.1536000e+04 5.6916170e-11 
8.1664000e+04 4.4387497e-11 
8.1792000e+04 4.1960799e-11 
8.1920000e+04 4.1801604e-11 
8.2048000e+04 4.3074017e-11 
8.2176000e+04 4.3863878e-11 
8.2304000e+04 4.3244325e-11 
8.2432000e+04 4.3586197e-11 
8.2560000e+04 4.4782344e-11 
8.2688000e+04 4.4717785e-11 
8.2816000e+04 4.4711894e-11 
8.2944000e+04 4.4851137e-11 
8.3072000e+04 4.5187649e-11 
8.3200000e+04 4.4857045e-11 
8.3328000e+04 4.6180563e-11 
8.3456000e+04 4.7369518e-11 
8.3584000e+04 4.8191454e-11 
8.3712000e+04 4.7970791e-11 
8.3840000e+04 4.9334259e-11 
8.3968000e+04 5.0786979e-11 
8.4096000e+04 5.0319183e-11 
8.4224000e+04 5.0718214e-11 
8.4352000e+04 5.1092578e-11 
8.4480000e+04 5.1612308e-11 
8.4608000e+04 5.1726907e-11 
8.4736000e+04 5.1412319e-11 
8.4864000e+04 5.1706011e-11 
8.4992000e+04 5.3527346e-11 
8.5120000e+04 5.4166206e-11 
8.5248000e+04 5.4184289e-11 
8.5376000e+04 5.5020953e-11 
8.5504000e+04 5.5864525e-11 
8.5632000e+04 5.7053817e-11 
8.5760000e+04 5.8409985e-11 
8.5888000e+04 5.8142022e-11 
8.6016000e+04 5.8540450e-11 
8.6144000e+04 5.9736445e-11 
8.6272000e+04 6.0472384e-11 
8.6400000e+04 6.0252879e-11 
8.6528000e+04 6.1089411e-11 
8.6656000e+04 6.0289940e-11 
8.6784000e+04 6.0397007e-11 
8.6912000e+04 6.2094704e-11 
8.7040000e+04 6.3359144e-11 
8.7168000e+04 6.4715240e-11 
8.7296000e+04 6.5185614e-11 
8.7424000e+04 6.6548933e-11 
8.7552000e+04 6.9782596e-11 
8.7680000e+04 7.2464701e-11 
8.7808000e+04 8.0663885e-11 
8.7936000e+04 9.6690968e-11 
8.8064000e+04 9.7760376e-11 
8.8192000e+04 9.8748322e-11 
8.8320000e+04 8.8172566e-11 
8.8448000e+04 7.4021365e-11 
8.8576000e+04 7.4348153e-11 
8.8704000e+04 7.3078488e-11 
8.8832000e+04 7.3048005e-11 
8.8960000e+04 7.3920980e-11 
8.9088000e+04 7.5087297e-11 
8.9216000e+04 7.6819648e-11 
8.9344000e+04 7.5845621e-11 
8.9472000e+04 7.5948282e-11 
8.9600000e+04 7.7856770e-11 
8.9728000e+04 8.1359808e-11 
8.9856000e+04 9.0684862e-11 
8.9984000e+04 1.2470951e-10 
9.0112000e+04 1.3275699e-10 
9.0240000e+04 1.4009922e-10 
9.0368000e+04 1.3330646e-10 
9.0496000e+04 1.2281556e-10 
9.0624000e+04 1.3300296e-10 
9.0752000e+04 1.4207427e-10 
9.0880000e+04 1.2809256e-10 
9.1008000e+04 1.0298760e-10 
9.1136000e+04 9.5397294e-11 
9.1264000e+04 9.3248256e-11 
9.1392000e+04 9.2238946e-11 
9.1520000e+04 9.6851194e-11 
9.1648000e+04 9.4177992e-11 
9.1776000e+04 9.4960893e-11 
9.1904000e+04 9.7902374e-11 
9.2032000e+04 9.9701365e-11 
9.2160000e+04 1.0220898e-10 
9.2288000e+04 1.0072795e-10 
9.2416000e+04 1.0236284e-10 
9.2544000e+04 1.0456269e-10 
9.2672000e+04 1.0794254e-10 
9.2800000e+04 1.1229950e-10 
9.2928000e+04 1.1228496e-10 
9.3056000e+04 1.1229088e-10 
9.3184000e+04 1.2668357e-10 
9.3312000e+04 1.6395388e-10 
9.3440000e+04 2.3200106e-10 
9.3568000e+04 3.0315694e-10 
9.3696000e+04 3.9620368e-10 
9.3824000e+04 4.1266690e-10 
9.3952000e+04 3.0799016e-10 
9.4080000e+04 2.1666451e-10 
9.4208000e+04 1.7287299e-10 
9.4336000e+04 1.7971420e-10 
9.4464000e+04 2.0577863e-10 
9.4592000e+04 3.1857381e-10 
9.4720000e+04 5.2496341e-10 
9.4848000e+04 9.5046637e-10 
9.4976000e+04 1.3693146e-09 
9.5104000e+04 1.4248887e-09 
9.5232000e+04 1.2294104e-09 
9.5360000e+04 1.7517422e-09 
9.5488000e+04 2.3334992e-09 
9.5616000e+04 2.0244801e-09 
9.5744000e+04 1.5239309e-09 
9.5872000e+04 1.4475166e-09 
9.6000000e+04 1.5282807e-09 
9.6128000e+04 1.5126054e-09 
9.6256000e+04 1.7115961e-09 
9.6384000e+04 2.5557838e-09 
9.6512000e+04 5.2324971e-09 
9.6640000e+04 7.2126869e-09 
9.6768000e+04 6.8106423e-09 
9.6896000e+04 5.5628386e-09 
9.7024000e+04 4.1589643e-09 
9.7152000e+04 2.6784652e-09 
9.7280000e+04 1.5110319e-09 
9.7408000e+04 7.9339840e-10 
9.7536000e+04 7.1736245e-10 
9.7664000e+04 2.1907189e-09 
9.7792000e+04 5.4598139e-09 
9.7920000e+04 8.9898320e-09 
9.8048000e+04 7.0424528e-09 
9.8176000e+04 1.2786914e-09 
9.8304000e+04 6.5747707e-10 
9.8432000e+04 7.2655904e-10 
9.8560000e+04 7.4009504e-10 
9.8688000e+04 5.9008692e-10 
9.8816000e+04 4.3214232e-10 
9.8944000e+04 3.2319117e-10 
9.9072000e+04 2.2456063e-10 
9.9200000e+04 2.0387829e-10 
9.9328000e+04 2.1643198e-10 
9.9456000e+04 2.2233887e-10 
9.9584000e+04 2.2547376e-10 
9.9712000e+04 2.5025026e-10 
9.9840000e+04 2.8610522e-10 
9.9968000e+04 2.8622274e-10 
1.0009600e+05 2.4377417e-10 
1.0022400e+05 2.2601757e-10 
1.0035200e+05 1.9805740e-10 
1.0048000e+05 1.9635682e-10 
1.0060800e+05 1.9598119e-10 
1.0073600e+05 2.0277770e-10 
1.0086400e+05 2.1151038e-10 
1.0099200e+05 2.2091680e-10 
1.0112000e+05 2.4137928e-10 
1.0124800e+05 2.9867164e-10 
1.0137600e+05 3.7579845e-10 
1.0150400e+05 3.6145478e-10 
1.0163200e+05 2.7985297e-10 
1.0176000e+05 2.5377425e-10 
1.0188800e+05 2.6508645e-10 
1.0201600e+05 2.8233310e-10 
1.0214400e+05 3.2319900e-10 
1.0227200e+05 3.9469791e-10 
1.0240000e+05 7.4446171e-10 
