0.0000000e+00 5.5932312e-04 
1.2800000e+02 1.6814296e-04 
2.5600000e+02 8.4196481e-06 
3.8400000e+02 3.7719733e-06 
5.1200000e+02 1.0526675e-06 
6.4000000e+02 2.6918619e-07 
7.6800000e+02 3.5094993e-07 
8.9600000e+02 2.7569007e-07 
1.0240000e+03 1.1703686e-07 
1.1520000e+03 1.6788866e-07 
1.2800000e+03 3.0855404e-07 
1.4080000e+03 2.5151104e-07 
1.5360000e+03 1.2390753e-07 
1.6640000e+03 1.1610956e-07 
1.7920000e+03 1.0723378e-07 
1.9200000e+03 1.2978329e-07 
2.0480000e+03 2.0066059e-07 
2.1760000e+03 1.6218921e-07 
2.3040000e+03 9.6353745e-08 
2.4320000e+03 1.1312916e-07 
2.5600000e+03 9.1491543e-08 
2.6880000e+03 4.7054765e-08 
2.8160000e+03 4.9491920e-08 
2.9440000e+03 9.2791424e-08 
3.0720000e+03 8.8294634e-08 
3.2000000e+03 4.3399719e-08 
3.3280000e+03 4.1562025e-08 
3.4560000e+03 7.9006377e-08 
3.5840000e+03 9.1105011e-07 
3.7120000e+03 2.1788162e-06 
3.8400000e+03 3.8879719e-07 
3.9680000e+03 9.9629688e-08 
4.0960000e+03 6.6790861e-08 
4.2240000e+03 3.3281690e-08 
4.3520000e+03 5.8303883e-08 
4.4800000e+03 6.5790964e-08 
4.6080000e+03 4.3805159e-08 
4.7360000e+03 3.8084821e-08 
4.8640000e+03 4.9385203e-08 
4.9920000e+03 7.5585085e-08 
5.1200000e+03 5.3741228e-08 
5.2480000e+03 2.8657588e-08 
5.3760000e+03 2.9624470e-08 
5.5040000e+03 4.3221682e-08 
5.6320000e+03 3.8046160e-08 
5.7600000e+03 6.8564702e-08 
5.8880000e+03 6.6719764e-08 
6.0160000e+03 3.8794308e-08 
6.1440000e+03 2.1514028e-08 
6.2720000e+03 1.7715076e-08 
6.4000000e+03 2.0173331e-08 
6.5280000e+03 2.4080352e-08 
6.6560000e+03 1.6784240e-08 
6.7840000e+03 1.5129825e-08 
6.9120000e+03 1.8825475e-08 
7.0400000e+03 2.1802855e-08 
7.1680000e+03 1.5460849e-08 
7.2960000e+03 1.5107631e-08 
7.4240000e+03 2.8178865e-08 
7.5520000e+03 2.9412865e-08 
7.6800000e+03 1.4346924e-08 
7.8080000e+03 1.3284155e-08 
7.9360000e+03 4.6683020e-08 
8.0640000e+03 4.6885198e-08 
8.1920000e+03 1.3419669e-08 
8.3200000e+03 1.3031460e-08 
8.4480000e+03 1.7216079e-08 
8.5760000e+03 1.6122902e-08 
8.7040000e+03 1.2508896e-08 
8.8320000e+03 1.3296223e-08 
8.9600000e+03 1.6525801e-08 
9.0880000e+03 1.5151086e-08 
9.2160000e+03 1.2193777e-08 
9.3440000e+03 1.1653204e-08 
9.4720000e+03 1.4319006e-08 
9.6000000e+03 1.3205409e-08 
9.7280000e+03 1.3316677e-08 
9.8560000e+03 2.1594419e-08 
9.9840000e+03 3.2778800e-08 
1.0112000e+04 1.5866284e-08 
1.0240000e+04 1.1736306e-08 
1.0368000e+04 1.1726080e-08 
1.0496000e+04 1.3610555e-08 
1.0624000e+04 1.4033415e-08 
1.0752000e+04 1.5922495e-08 
1.0880000e+04 1.2872701e-08 
1.1008000e+04 1.4098929e-08 
1.1136000e+04 1.4277576e-08 
1.1264000e+04 1.6014278e-08 
1.1392000e+04 2.0835952e-08 
1.1520000e+04 2.8634345e-08 
1.1648000e+04 4.6221803e-08 
1.1776000e+04 4.8318242e-08 
1.1904000e+04 2.8862207e-08 
1.2032000e+04 1.8550205e-08 
1.2160000e+04 1.5011613e-08 
1.2288000e+04 1.2234505e-08 
1.2416000e+04 1.1469452e-08 
1.2544000e+04 9.9000177e-09 
1.2672000e+04 9.3295780e-09 
1.2800000e+04 9.3202406e-09 
1.2928000e+04 9.9938537e-09 
1.3056000e+04 9.3550367e-09 
1.3184000e+04 8.4168565e-09 
1.3312000e+04 8.4798026e-09 
1.3440000e+04 8.8101926e-09 
1.3568000e+04 8.9454453e-09 
1.3696000e+04 8.5585041e-09 
1.3824000e+04 8.2993399e-09 
1.3952000e+04 8.8835677e-09 
1.4080000e+04 8.6068077e-09 
1.4208000e+04 8.1578966e-09 
1.4336000e+04 8.5661940e-09 
1.4464000e+04 8.5725169e-09 
1.4592000e+04 8.1277669e-09 
1.4720000e+04 8.1740525e-09 
1.4848000e+04 9.3662393e-09 
1.4976000e+04 1.2358212e-08 
1.5104000e+04 3.4409194e-08 
1.5232000e+04 1.0961435e-07 
1.5360000e+04 4.1786780e-08 
1.5488000e+04 8.7337781e-09 
1.5616000e+04 7.8413711e-09 
1.5744000e+04 7.6576443e-09 
1.5872000e+04 1.9053319e-08 
1.6000000e+04 5.1215018e-08 
1.6128000e+04 1.8328578e-08 
1.6256000e+04 7.4531554e-09 
1.6384000e+04 7.5701525e-09 
1.6512000e+04 8.1390548e-09 
1.6640000e+04 8.1955482e-09 
1.6768000e+04 7.9627656e-09 
1.6896000e+04 7.9958289e-09 
1.7024000e+04 8.0808027e-09 
1.7152000e+04 7.4532700e-09 
1.7280000e+04 7.1522641e-09 
1.7408000e+04 7.6029210e-09 
1.7536000e+04 7.4808666e-09 
1.7664000e+04 6.9239201e-09 
1.7792000e+04 6.5753198e-09 
1.7920000e+04 7.1527042e-09 
1.8048000e+04 7.3956055e-09 
1.8176000e+04 7.1903892e-09 
1.8304000e+04 7.4556770e-09 
1.8432000e+04 8.4458875e-09 
1.8560000e+04 7.3523871e-09 
1.8688000e+04 6.5781358e-09 
1.8816000e+04 6.5603780e-09 
1.8944000e+04 7.0283943e-09 
1.9072000e+04 6.5804473e-09 
1.9200000e+04 6.1774283e-09 
1.9328000e+04 6.1944352e-09 
1.9456000e+04 7.7034690e-09 
1.9584000e+04 1.2617356e-08 
1.9712000e+04 8.2490290e-09 
1.9840000e+04 6.2533130e-09 
1.9968000e+04 6.5077059e-09 
2.0096000e+04 6.3488668e-09 
2.0224000e+04 6.1217924e-09 
2.0352000e+04 6.3268915e-09 
2.0480000e+04 6.4837140e-09 
2.0608000e+04 6.1295267e-09 
2.0736000e+04 5.8710383e-09 
2.0864000e+04 5.8651364e-09 
2.0992000e+04 5.8562306e-09 
2.1120000e+04 6.0389711e-09 
2.1248000e+04 6.0042478e-09 
2.1376000e+04 5.6815148e-09 
2.1504000e+04 5.7933649e-09 
2.1632000e+04 5.8101182e-09 
2.1760000e+04 5.6449658e-09 
2.1888000e+04 5.6857083e-09 
2.2016000e+04 5.8343330e-09 
2.2144000e+04 5.5784231e-09 
2.2272000e+04 5.6263776e-09 
2.2400000e+04 6.2104388e-09 
2.2528000e+04 6.0587890e-09 
2.2656000e+04 5.6005409e-09 
2.2784000e+04 5.5812293e-09 
2.2912000e+04 5.6613518e-09 
2.3040000e+04 5.8067506e-09 
2.3168000e+04 5.8181744e-09 
2.3296000e+04 5.6524079e-09 
2.3424000e+04 5.6478546e-09 
2.3552000e+04 5.5050684e-09 
2.3680000e+04 5.1922417e-09 
2.3808000e+04 5.8829888e-09 
2.3936000e+04 2.1504581e-08 
2.4064000e+04 2.1202679e-08 
2.4192000e+04 5.9235759e-09 
2.4320000e+04 5.3355893e-09 
2.4448000e+04 5.3873679e-09 
2.4576000e+04 5.5215819e-09 
2.4704000e+04 5.8917800e-09 
2.4832000e+04 6.0386660e-09 
2.4960000e+04 6.2111480e-09 
2.5088000e+04 6.6077135e-09 
2.5216000e+04 5.7278773e-09 
2.5344000e+04 5.1709530e-09 
2.5472000e+04 5.1389630e-09 
2.5600000e+04 5.3650790e-09 
2.5728000e+04 5.2687703e-09 
2.5856000e+04 5.0392055e-09 
2.5984000e+04 5.0636197e-09 
2.6112000e+04 4.9425779e-09 
2.6240000e+04 5.0133231e-09 
2.6368000e+04 5.1571414e-09 
2.6496000e+04 5.5829821e-09 
2.6624000e+04 5.9650196e-09 
2.6752000e+04 8.7705825e-09 
2.6880000e+04 1.5213496e-08 
2.7008000e+04 1.3766983e-08 
2.7136000e+04 7.6482163e-09 
2.7264000e+04 6.0245999e-09 
2.7392000e+04 5.3317359e-09 
2.7520000e+04 5.0951519e-09 
2.7648000e+04 5.2680762e-09 
2.7776000e+04 1.4179002e-08 
2.7904000e+04 1.5489988e-08 
2.8032000e+04 5.6842353e-09 
2.8160000e+04 4.7308082e-09 
2.8288000e+04 4.5600728e-09 
2.8416000e+04 4.5195985e-09 
2.8544000e+04 4.6499884e-09 
2.8672000e+04 4.4704431e-09 
2.8800000e+04 4.4952397e-09 
2.8928000e+04 4.4051913e-09 
2.9056000e+04 4.5648019e-09 
2.9184000e+04 4.4978958e-09 
2.9312000e+04 4.4362940e-09 
2.9440000e+04 4.4971058e-09 
2.9568000e+04 4.5242259e-09 
2.9696000e+04 4.3240336e-09 
2.9824000e+04 4.5019770e-09 
2.9952000e+04 4.7877129e-09 
3.0080000e+04 4.5877235e-09 
3.0208000e+04 4.3708783e-09 
3.0336000e+04 4.3304569e-09 
3.0464000e+04 4.3113286e-09 
3.0592000e+04 4.3524984e-09 
3.0720000e+04 4.5337534e-09 
3.0848000e+04 4.9063842e-09 
3.0976000e+04 5.0191611e-09 
3.1104000e+04 4.6121076e-09 
3.1232000e+04 4.4065458e-09 
3.1360000e+04 4.3391384e-09 
3.1488000e+04 4.2968300e-09 
3.1616000e+04 4.3427604e-09 
3.1744000e+04 4.2448649e-09 
3.1872000e+04 6.7478951e-09 
3.2000000e+04 1.4340420e-08 
3.2128000e+04 6.6271415e-09 
3.2256000e+04 4.1075205e-09 
3.2384000e+04 4.2229700e-09 
3.2512000e+04 4.3589932e-09 
3.2640000e+04 4.2289088e-09 
3.2768000e+04 4.2696104e-09 
3.2896000e+04 4.2437280e-09 
3.3024000e+04 4.0909938e-09 
3.3152000e+04 4.0173620e-09 
3.3280000e+04 4.1253281e-09 
3.3408000e+04 4.1137942e-09 
3.3536000e+04 4.0221817e-09 
3.3664000e+04 4.2315564e-09 
3.3792000e+04 4.1161075e-09 
3.3920000e+04 4.1260164e-09 
3.4048000e+04 4.2928501e-09 
3.4176000e+04 3.9808654e-09 
3.4304000e+04 3.8763739e-09 
3.4432000e+04 3.9002899e-09 
3.4560000e+04 3.8366057e-09 
3.4688000e+04 3.8053427e-09 
3.4816000e+04 3.8549230e-09 
3.4944000e+04 3.8666310e-09 
3.5072000e+04 3.7709298e-09 
3.5200000e+04 3.7961536e-09 
3.5328000e+04 3.9181365e-09 
3.5456000e+04 4.0225880e-09 
3.5584000e+04 4.0599661e-09 
3.5712000e+04 3.8968824e-09 
3.5840000e+04 3.8889838e-09 
3.5968000e+04 3.9036485e-09 
3.6096000e+04 3.7997565e-09 
3.6224000e+04 3.7320715e-09 
3.6352000e+04 3.8135157e-09 
3.6480000e+04 3.7759014e-09 
3.6608000e+04 3.7972541e-09 
3.6736000e+04 3.9423451e-09 
3.6864000e+04 4.0883266e-09 
3.6992000e+04 3.9770209e-09 
3.7120000e+04 3.8297876e-09 
3.7248000e+04 3.7523606e-09 
3.7376000e+04 4.0268833e-09 
3.7504000e+04 4.1363220e-09 
3.7632000e+04 3.8827204e-09 
3.7760000e+04 3.8936321e-09 
3.7888000e+04 4.2829167e-09 
3.8016000e+04 3.8810328e-09 
3.8144000e+04 3.5988030e-09 
3.8272000e+04 3.6175969e-09 
3.8400000e+04 3.5564118e-09 
3.8528000e+04 3.5940486e-09 
3.8656000e+04 3.6542280e-09 
3.8784000e+04 3.4974901e-09 
3.8912000e+04 3.4497030e-09 
3.9040000e+04 3.6585235e-09 
3.9168000e+04 4.3500714e-09 
3.9296000e+04 3.7559631e-09 
3.9424000e+04 3.5870313e-09 
3.9552000e+04 3.5363821e-09 
3.9680000e+04 3.3933911e-09 
3.9808000e+04 3.5494603e-09 
3.9936000e+04 7.0452990e-09 
4.0064000e+04 6.8737007e-09 
4.0192000e+04 3.5438994e-09 
4.0320000e+04 3.3776528e-09 
4.0448000e+04 3.3518295e-09 
4.0576000e+04 3.4881020e-09 
4.0704000e+04 3.5579115e-09 
4.0832000e+04 3.6302739e-09 
4.0960000e+04 3.6284329e-09 
4.1088000e+04 3.4356116e-09 
4.1216000e+04 3.3080734e-09 
4.1344000e+04 3.2550596e-09 
4.1472000e+04 3.2906633e-09 
4.1600000e+04 3.1668084e-09 
4.1728000e+04 3.1930429e-09 
4.1856000e+04 3.3481879e-09 
4.1984000e+04 3.2818162e-09 
4.2112000e+04 3.1676430e-09 
4.2240000e+04 3.4795034e-09 
4.2368000e+04 6.4546914e-09 
4.2496000e+04 9.1867811e-09 
4.2624000e+04 5.9937353e-09 
4.2752000e+04 3.6341263e-09 
4.2880000e+04 3.6412835e-09 
4.3008000e+04 3.7047505e-09 
4.3136000e+04 3.8706154e-09 
4.3264000e+04 3.7001406e-09 
4.3392000e+04 3.2823999e-09 
4.3520000e+04 3.1831717e-09 
4.3648000e+04 3.2682956e-09 
4.3776000e+04 3.3939500e-09 
4.3904000e+04 3.3896972e-09 
4.4032000e+04 3.1679699e-09 
4.4160000e+04 3.1152170e-09 
4.4288000e+04 3.1696610e-09 
4.4416000e+04 3.1692156e-09 
4.4544000e+04 3.1383560e-09 
4.4672000e+04 3.1107805e-09 
4.4800000e+04 3.1628888e-09 
4.4928000e+04 3.2009408e-09 
4.5056000e+04 3.1482195e-09 
4.5184000e+04 3.2449539e-09 
4.5312000e+04 3.3505931e-09 
4.5440000e+04 3.2823133e-09 
4.5568000e+04 3.0314495e-09 
4.5696000e+04 3.0518412e-09 
4.5824000e+04 3.1225933e-09 
4.5952000e+04 3.1056138e-09 
4.6080000e+04 3.1296776e-09 
4.6208000e+04 3.1281935e-09 
4.6336000e+04 3.1245551e-09 
4.6464000e+04 3.1167018e-09 
4.6592000e+04 3.1390244e-09 
4.6720000e+04 3.1593832e-09 
4.6848000e+04 3.2529088e-09 
4.6976000e+04 3.3316641e-09 
4.7104000e+04 3.2459302e-09 
4.7232000e+04 3.1032075e-09 
4.7360000e+04 3.0921810e-09 
4.7488000e+04 3.1039638e-09 
4.7616000e+04 3.1648688e-09 
4.7744000e+04 3.1781640e-09 
4.7872000e+04 3.9366181e-09 
4.8000000e+04 6.0186891e-09 
4.8128000e+04 3.9518877e-09 
4.8256000e+04 3.3685050e-09 
4.8384000e+04 3.4975516e-09 
4.8512000e+04 3.5427168e-09 
4.8640000e+04 3.6810794e-09 
4.8768000e+04 3.8016261e-09 
4.8896000e+04 3.7293764e-09 
4.9024000e+04 3.4598004e-09 
4.9152000e+04 3.2050906e-09 
4.9280000e+04 3.0083920e-09 
4.9408000e+04 2.9125888e-09 
4.9536000e+04 2.9420939e-09 
4.9664000e+04 2.9829212e-09 
4.9792000e+04 2.8949452e-09 
4.9920000e+04 2.8427407e-09 
5.0048000e+04 2.8728628e-09 
5.0176000e+04 2.8100822e-09 
5.0304000e+04 2.7911282e-09 
5.0432000e+04 2.7783784e-09 
5.0560000e+04 2.8280840e-09 
5.0688000e+04 2.8135090e-09 
5.0816000e+04 2.7370008e-09 
5.0944000e+04 2.7927529e-09 
5.1072000e+04 2.8046450e-09 
5.1200000e+04 2.7863700e-09 
5.1328000e+04 2.8148994e-09 
5.1456000e+04 2.8764862e-09 
5.1584000e+04 2.8851783e-09 
5.1712000e+04 2.8623091e-09 
5.1840000e+04 2.7803619e-09 
5.1968000e+04 2.8326834e-09 
5.2096000e+04 2.9175817e-09 
5.2224000e+04 2.9132987e-09 
5.2352000e+04 3.0398155e-09 
5.2480000e+04 3.0429210e-09 
5.2608000e+04 2.8733675e-09 
5.2736000e+04 3.1380389e-09 
5.2864000e+04 3.2404537e-09 
5.2992000e+04 3.0075333e-09 
5.3120000e+04 3.0017666e-09 
5.3248000e+04 3.0080551e-09 
5.3376000e+04 2.8962488e-09 
5.3504000e+04 2.9473317e-09 
5.3632000e+04 3.0308240e-09 
5.3760000e+04 3.0173966e-09 
5.3888000e+04 2.8611402e-09 
5.4016000e+04 2.8559555e-09 
5.4144000e+04 3.0447658e-09 
5.4272000e+04 3.1350222e-09 
5.4400000e+04 3.0503939e-09 
5.4528000e+04 2.9062193e-09 
5.4656000e+04 2.9015705e-09 
5.4784000e+04 2.9467169e-09 
5.4912000e+04 2.9814544e-09 
5.5040000e+04 3.0453877e-09 
5.5168000e+04 3.0807403e-09 
5.5296000e+04 3.0355862e-09 
5.5424000e+04 3.0250127e-09 
5.5552000e+04 3.0874585e-09 
5.5680000e+04 2.9523453e-09 
5.5808000e+04 3.0226819e-09 
5.5936000e+04 4.0572923e-09 
5.6064000e+04 3.9818882e-09 
5.6192000e+04 3.0538321e-09 
5.6320000e+04 3.1819627e-09 
5.6448000e+04 3.4688836e-09 
5.6576000e+04 3.8960439e-09 
5.6704000e+04 4.3253250e-09 
5.6832000e+04 4.4631259e-09 
5.6960000e+04 4.0387675e-09 
5.7088000e+04 3.5164189e-09 
5.7216000e+04 3.2104299e-09 
5.7344000e+04 3.0207974e-09 
5.7472000e+04 2.9190237e-09 
5.7600000e+04 2.9248304e-09 
5.7728000e+04 2.8916733e-09 
5.7856000e+04 2.8754694e-09 
5.7984000e+04 2.8215956e-09 
5.8112000e+04 2.8038751e-09 
5.8240000e+04 2.8447640e-09 
5.8368000e+04 2.8601415e-09 
5.8496000e+04 2.8403135e-09 
5.8624000e+04 2.8817402e-09 
5.8752000e+04 3.2328700e-09 
5.8880000e+04 2.9738174e-09 
5.9008000e+04 2.7932374e-09 
5.9136000e+04 2.7580269e-09 
5.9264000e+04 2.7968525e-09 
5.9392000e+04 2.7601170e-09 
5.9520000e+04 2.7238460e-09 
5.9648000e+04 2.7612810e-09 
5.9776000e+04 2.8177258e-09 
5.9904000e+04 2.9538887e-09 
6.0032000e+04 2.9518332e-09 
6.0160000e+04 2.8083427e-09 
6.0288000e+04 2.7909322e-09 
6.0416000e+04 2.7943603e-09 
6.0544000e+04 2.7856910e-09 
6.0672000e+04 2.7847247e-09 
6.0800000e+04 2.7387324e-09 
6.0928000e+04 2.7253120e-09 
6.1056000e+04 2.7979399e-09 
6.1184000e+04 2.8528591e-09 
6.1312000e+04 2.8875615e-09 
6.1440000e+04 3.0179199e-09 
6.1568000e+04 3.2200320e-09 
6.1696000e+04 3.4045571e-09 
6.1824000e+04 3.3961196e-09 
6.1952000e+04 3.3966714e-09 
6.2080000e+04 3.2589860e-09 
6.2208000e+04 3.1230596e-09 
6.2336000e+04 3.0113398e-09 
6.2464000e+04 2.9738174e-09 
6.2592000e+04 3.1528686e-09 
6.2720000e+04 3.3510934e-09 
6.2848000e+04 3.3858734e-09 
6.2976000e+04 3.2746965e-09 
6.3104000e+04 3.3424215e-09 
6.3232000e+04 3.6899008e-09 
6.3360000e+04 4.1397841e-09 
6.3488000e+04 3.7526244e-09 
6.3616000e+04 3.3785801e-09 
6.3744000e+04 3.5347674e-09 
6.3872000e+04 4.3796793e-09 
6.4000000e+04 5.8765846e-09 
6.4128000e+04 4.6474158e-09 
6.4256000e+04 4.7573208e-09 
6.4384000e+04 6.7219692e-09 
6.4512000e+04 1.0441664e-08 
6.4640000e+04 1.5167132e-08 
6.4768000e+04 2.0235046e-08 
6.4896000e+04 2.0363064e-08 
6.5024000e+04 1.5182410e-08 
6.5152000e+04 9.4812540e-09 
6.5280000e+04 6.0731482e-09 
6.5408000e+04 4.5933888e-09 
6.5536000e+04 4.2390620e-09 
6.5664000e+04 4.0854635e-09 
6.5792000e+04 3.7767887e-09 
6.5920000e+04 3.4244265e-09 
6.6048000e+04 3.3322420e-09 
6.6176000e+04 3.3138898e-09 
6.6304000e+04 3.2867129e-09 
6.6432000e+04 3.1677405e-09 
6.6560000e+04 3.0190601e-09 
6.6688000e+04 3.0295797e-09 
6.6816000e+04 3.0380469e-09 
6.6944000e+04 3.0005014e-09 
6.7072000e+04 2.8991503e-09 
6.7200000e+04 2.9263851e-09 
6.7328000e+04 2.9790068e-09 
6.7456000e+04 3.0729770e-09 
6.7584000e+04 2.9811467e-09 
6.7712000e+04 2.8371032e-09 
6.7840000e+04 2.8851657e-09 
6.7968000e+04 3.0149923e-09 
6.8096000e+04 3.6501218e-09 
6.8224000e+04 4.2091104e-09 
6.8352000e+04 3.0529068e-09 
6.8480000e+04 2.9094949e-09 
6.8608000e+04 2.8207408e-09 
6.8736000e+04 2.7655531e-09 
6.8864000e+04 2.8357019e-09 
6.8992000e+04 2.9295484e-09 
6.9120000e+04 3.4632057e-09 
6.9248000e+04 4.3617505e-09 
6.9376000e+04 3.6550145e-09 
6.9504000e+04 2.9724920e-09 
6.9632000e+04 2.9224936e-09 
6.9760000e+04 2.8428406e-09 
6.9888000e+04 2.8304263e-09 
7.0016000e+04 2.8634533e-09 
7.0144000e+04 2.8293139e-09 
7.0272000e+04 2.8470137e-09 
7.0400000e+04 2.8810125e-09 
7.0528000e+04 2.8998890e-09 
7.0656000e+04 2.8937885e-09 
7.0784000e+04 2.9553420e-09 
7.0912000e+04 2.9638167e-09 
7.1040000e+04 2.9598040e-09 
7.1168000e+04 2.9953469e-09 
7.1296000e+04 2.9023097e-09 
7.1424000e+04 2.8436773e-09 
7.1552000e+04 2.9682261e-09 
7.1680000e+04 2.9243166e-09 
7.1808000e+04 2.9980383e-09 
7.1936000e+04 4.1614308e-09 
7.2064000e+04 4.1697823e-09 
7.2192000e+04 3.1958838e-09 
7.2320000e+04 3.1365990e-09 
7.2448000e+04 3.2697240e-09 
7.2576000e+04 3.6332086e-09 
7.2704000e+04 3.9488173e-09 
7.2832000e+04 4.3096344e-09 
7.2960000e+04 4.2404209e-09 
7.3088000e+04 3.7360075e-09 
7.3216000e+04 3.3768592e-09 
7.3344000e+04 3.1860179e-09 
7.3472000e+04 3.1648479e-09 
7.3600000e+04 3.1473830e-09 
7.3728000e+04 3.1069372e-09 
7.3856000e+04 3.2467002e-09 
7.3984000e+04 3.9748209e-09 
7.4112000e+04 3.7866710e-09 
7.4240000e+04 3.3786023e-09 
7.4368000e+04 3.2758329e-09 
7.4496000e+04 3.2076111e-09 
7.4624000e+04 3.1619583e-09 
7.4752000e+04 3.2547451e-09 
7.4880000e+04 3.3306327e-09 
7.5008000e+04 3.3140426e-09 
7.5136000e+04 3.2298331e-09 
7.5264000e+04 3.1713110e-09 
7.5392000e+04 3.2590290e-09 
7.5520000e+04 3.2733665e-09 
7.5648000e+04 3.4474767e-09 
7.5776000e+04 3.6594154e-09 
7.5904000e+04 3.3446388e-09 
7.6032000e+04 3.1733798e-09 
7.6160000e+04 3.1407827e-09 
7.6288000e+04 3.0830007e-09 
7.6416000e+04 3.1479290e-09 
7.6544000e+04 3.3104568e-09 
7.6672000e+04 3.5750787e-09 
7.6800000e+04 3.7678505e-09 
7.6928000e+04 3.6491361e-09 
7.7056000e+04 3.3768444e-09 
7.7184000e+04 3.2859480e-09 
7.7312000e+04 3.2928895e-09 
7.7440000e+04 3.2493319e-09 
7.7568000e+04 3.2298897e-09 
7.7696000e+04 3.2331824e-09 
7.7824000e+04 3.2377507e-09 
7.7952000e+04 3.2769121e-09 
7.8080000e+04 3.2161454e-09 
7.8208000e+04 3.2591436e-09 
7.8336000e+04 3.6809340e-09 
7.8464000e+04 3.5165812e-09 
7.8592000e+04 3.3969325e-09 
7.8720000e+04 3.3958660e-09 
7.8848000e+04 3.3750356e-09 
7.8976000e+04 3.7454209e-09 
7.9104000e+04 3.9350536e-09 
7.9232000e+04 3.4475827e-09 
7.9360000e+04 3.3112055e-09 
7.9488000e+04 3.4295138e-09 
7.9616000e+04 3.5247685e-09 
7.9744000e+04 3.4133829e-09 
7.9872000e+04 3.9429944e-09 
8.0000000e+04 5.1457274e-09 
8.0128000e+04 3.8327492e-09 
8.0256000e+04 3.5294776e-09 
8.0384000e+04 3.7132779e-09 
8.0512000e+04 3.9786805e-09 
8.0640000e+04 5.5161404e-09 
8.0768000e+04 1.1723273e-08 
8.0896000e+04 8.7736645e-09 
8.1024000e+04 4.6035273e-09 
8.1152000e+04 3.9611581e-09 
8.1280000e+04 3.7750723e-09 
8.1408000e+04 4.1891379e-09 
8.1536000e+04 4.4094981e-09 
8.1664000e+04 3.7474943e-09 
8.1792000e+04 3.6146430e-09 
8.1920000e+04 3.6538670e-09 
8.2048000e+04 3.6640309e-09 
8.2176000e+04 3.6112791e-09 
8.2304000e+04 3.5731793e-09 
8.2432000e+04 3.6529122e-09 
8.2560000e+04 3.6500658e-09 
8.2688000e+04 3.6950416e-09 
8.2816000e+04 3.6467009e-09 
8.2944000e+04 3.6032628e-09 
8.3072000e+04 3.7204360e-09 
8.3200000e+04 3.7060930e-09 
8.3328000e+04 3.6423873e-09 
8.3456000e+04 3.7559467e-09 
8.3584000e+04 3.8130636e-09 
8.3712000e+04 3.7253001e-09 
8.3840000e+04 3.7833545e-09 
8.3968000e+04 3.8185939e-09 
8.4096000e+04 3.8304524e-09 
8.4224000e+04 3.8538057e-09 
8.4352000e+04 3.8350390e-09 
8.4480000e+04 3.8316048e-09 
8.4608000e+04 3.9037773e-09 
8.4736000e+04 3.8318992e-09 
8.4864000e+04 3.8475823e-09 
8.4992000e+04 3.8762629e-09 
8.5120000e+04 3.7913304e-09 
8.5248000e+04 3.9596362e-09 
8.5376000e+04 3.9877772e-09 
8.5504000e+04 3.9894679e-09 
8.5632000e+04 4.0189501e-09 
8.5760000e+04 4.0845398e-09 
8.5888000e+04 4.1878230e-09 
8.6016000e+04 4.1591286e-09 
8.6144000e+04 4.0658188e-09 
8.6272000e+04 4.1274029e-09 
8.6400000e+04 4.1532053e-09 
8.6528000e+04 4.2282591e-09 
8.6656000e+04 4.3527471e-09 
8.6784000e+04 4.2546264e-09 
8.6912000e+04 4.2226174e-09 
8.7040000e+04 4.2403467e-09 
8.7168000e+04 4.3338626e-09 
8.7296000e+04 4.4213171e-09 
8.7424000e+04 4.4329149e-09 
8.7552000e+04 4.5899102e-09 
8.7680000e+04 4.6346869e-09 
8.7808000e+04 4.9078284e-09 
8.7936000e+04 7.0094823e-09 
8.8064000e+04 6.9652621e-09 
8.8192000e+04 5.7572462e-09 
8.8320000e+04 5.1700675e-09 
8.8448000e+04 4.5030450e-09 
8.8576000e+04 4.6159778e-09 
8.8704000e+04 4.6469872e-09 
8.8832000e+04 4.4950523e-09 
8.8960000e+04 4.5929855e-09 
8.9088000e+04 4.5413260e-09 
8.9216000e+04 4.4859312e-09 
8.9344000e+04 4.7900368e-09 
8.9472000e+04 4.6430908e-09 
8.9600000e+04 4.6341069e-09 
8.9728000e+04 4.7446451e-09 
8.9856000e+04 5.2097504e-09 
8.9984000e+04 6.3484626e-09 
9.0112000e+04 6.8409944e-09 
9.0240000e+04 7.0041279e-09 
9.0368000e+04 6.7479395e-09 
9.0496000e+04 6.5127668e-09 
9.0624000e+04 6.8794388e-09 
9.0752000e+04 7.0856228e-09 
9.0880000e+04 6.5447230e-09 
9.1008000e+04 5.4962266e-09 
9.1136000e+04 5.1761564e-09 
9.1264000e+04 5.1107052e-09 
9.1392000e+04 5.0499396e-09 
9.1520000e+04 5.3095488e-09 
9.1648000e+04 5.3969589e-09 
9.1776000e+04 5.1118052e-09 
9.1904000e+04 5.1912958e-09 
9.2032000e+04 5.3745830e-09 
9.2160000e+04 5.3772156e-09 
9.2288000e+04 5.3308109e-09 
9.2416000e+04 5.4164184e-09 
9.2544000e+04 5.3585913e-09 
9.2672000e+04 5.4147651e-09 
9.2800000e+04 5.6132228e-09 
9.2928000e+04 5.6809659e-09 
9.3056000e+04 5.7250604e-09 
9.3184000e+04 6.1635399e-09 
9.3312000e+04 6.9085355e-09 
9.3440000e+04 8.9639292e-09 
9.3568000e+04 1.2591505e-08 
9.3696000e+04 1.5072374e-08 
9.3824000e+04 1.7389336e-08 
9.3952000e+04 1.6151358e-08 
9.4080000e+04 1.0975911e-08 
9.4208000e+04 7.8415603e-09 
9.4336000e+04 7.7430187e-09 
9.4464000e+04 8.8304324e-09 
9.4592000e+04 1.2197915e-08 
9.4720000e+04 1.9778273e-08 
9.4848000e+04 3.4801491e-08 
9.4976000e+04 5.2181772e-08 
9.5104000e+04 5.1685692e-08 
9.5232000e+04 4.3570314e-08 
9.5360000e+04 6.2521664e-08 
9.5488000e+04 7.8918639e-08 
9.5616000e+04 6.4891267e-08 
9.5744000e+04 4.8291987e-08 
9.5872000e+04 4.8291987e-08 
9.6000000e+04 5.9252152e-08 
9.6128000e+04 5.2395336e-08 
9.6256000e+04 5.5145602e-08 
9.6384000e+04 7.5212220e-08 
9.6512000e+04 1.3730948e-07 
9.6640000e+04 1.9449801e-07 
9.6768000e+04 1.7564376e-07 
9.6896000e+04 1.4192615e-07 
9.7024000e+04 1.1500750e-07 
9.7152000e+04 8.1355346e-08 
9.7280000e+04 4.9526111e-08 
9.7408000e+04 2.8345159e-08 
9.7536000e+04 2.5025741e-08 
9.7664000e+04 6.9874297e-08 
9.7792000e+04 1.8464959e-07 
9.7920000e+04 2.8553848e-07 
9.8048000e+04 1.9832942e-07 
9.8176000e+04 4.0741440e-08 
9.8304000e+04 2.1224411e-08 
9.8432000e+04 2.5134760e-08 
9.8560000e+04 2.6541555e-08 
9.8688000e+04 1.9145778e-08 
9.8816000e+04 1.4564938e-08 
9.8944000e+04 1.1758027e-08 
9.9072000e+04 8.9355314e-09 
9.9200000e+04 7.9047338e-09 
9.9328000e+04 7.9993061e-09 
9.9456000e+04 8.6424317e-09 
9.9584000e+04 8.8250047e-09 
9.9712000e+04 9.1046415e-09 
9.9840000e+04 1.0761545e-08 
9.9968000e+04 1.1429149e-08 
1.0009600e+05 9.9525490e-09 
1.0022400e+05 8.9265884e-09 
1.0035200e+05 8.1140179e-09 
1.0048000e+05 8.0612184e-09 
1.0060800e+05 7.5480591e-09 
1.0073600e+05 7.7875582e-09 
1.0086400e+05 7.9731057e-09 
1.0099200e+05 8.2328144e-09 
1.0112000e+05 9.2489634e-09 
1.0124800e+05 1.1424633e-08 
1.0137600e+05 1.3757100e-08 
1.0150400e+05 1.2661292e-08 
1.0163200e+05 1.0247394e-08 
1.0176000e+05 9.2767687e-09 
1.0188800e+05 1.0387966e-08 
1.0201600e+05 1.2606071e-08 
1.0214400e+05 1.2204077e-08 
1.0227200e+05 1.3606790e-08 
1.0240000e+05 2.4190166e-08 
