0.0000000e+00 1.2150443e+03 
1.2800000e+02 6.7670001e+02 
2.5600000e+02 1.8436275e+02 
3.8400000e+02 2.6195099e+02 
5.1200000e+02 2.4059528e+02 
6.4000000e+02 1.8467900e+02 
7.6800000e+02 8.7343773e+01 
8.9600000e+02 4.5588840e+01 
1.0240000e+03 7.9367195e+01 
1.1520000e+03 5.7459347e+01 
1.2800000e+03 1.4424607e+01 
1.4080000e+03 1.2261420e+01 
1.5360000e+03 1.1862623e+01 
1.6640000e+03 1.1042311e+01 
1.7920000e+03 1.0935148e+01 
1.9200000e+03 9.1391850e+00 
2.0480000e+03 7.5569754e+00 
2.1760000e+03 7.0694518e+00 
2.3040000e+03 6.8830333e+00 
2.4320000e+03 5.5218334e+00 
2.5600000e+03 4.9156547e+00 
2.6880000e+03 5.4377303e+00 
2.8160000e+03 5.5986090e+00 
2.9440000e+03 5.2000251e+00 
3.0720000e+03 4.2682171e+00 
3.2000000e+03 4.1975484e+00 
3.3280000e+03 5.0279717e+00 
3.4560000e+03 1.0867556e+01 
3.5840000e+03 4.9346355e+01 
3.7120000e+03 4.9303612e+01 
3.8400000e+03 4.0759617e+01 
3.9680000e+03 6.8598661e+00 
4.0960000e+03 3.7016833e+00 
4.2240000e+03 3.0774217e+00 
4.3520000e+03 2.7614796e+00 
4.4800000e+03 2.4624133e+00 
4.6080000e+03 2.4240334e+00 
4.7360000e+03 2.3758230e+00 
4.8640000e+03 2.2794697e+00 
4.9920000e+03 2.2889340e+00 
5.1200000e+03 2.6207976e+00 
5.2480000e+03 2.8496654e+00 
5.3760000e+03 2.8723373e+00 
5.5040000e+03 2.8449714e+00 
5.6320000e+03 2.7156875e+00 
5.7600000e+03 2.9908252e+00 
5.8880000e+03 2.9318471e+00 
6.0160000e+03 2.7496309e+00 
6.1440000e+03 3.1885905e+00 
6.2720000e+03 4.3032699e+00 
6.4000000e+03 4.7402387e+00 
6.5280000e+03 4.4735174e+00 
6.6560000e+03 3.9105976e+00 
6.7840000e+03 2.8765204e+00 
6.9120000e+03 2.4612076e+00 
7.0400000e+03 2.3557239e+00 
7.1680000e+03 2.1946201e+00 
7.2960000e+03 2.2435315e+00 
7.4240000e+03 2.6054146e+00 
7.5520000e+03 2.6976080e+00 
7.6800000e+03 2.6121907e+00 
7.8080000e+03 2.1875398e+00 
7.9360000e+03 2.0060463e+00 
8.0640000e+03 2.0099335e+00 
8.1920000e+03 1.9791133e+00 
8.3200000e+03 1.9456804e+00 
8.4480000e+03 1.8986139e+00 
8.5760000e+03 1.9389884e+00 
8.7040000e+03 1.9801991e+00 
8.8320000e+03 2.0459161e+00 
8.9600000e+03 2.0855703e+00 
9.0880000e+03 2.0573354e+00 
9.2160000e+03 2.0785141e+00 
9.3440000e+03 2.1116674e+00 
9.4720000e+03 1.9468142e+00 
9.6000000e+03 1.8363780e+00 
9.7280000e+03 1.7160074e+00 
9.8560000e+03 1.6574193e+00 
9.9840000e+03 1.6641316e+00 
1.0112000e+04 1.6080947e+00 
1.0240000e+04 1.5618407e+00 
1.0368000e+04 1.5405582e+00 
1.0496000e+04 1.5489132e+00 
1.0624000e+04 1.5507433e+00 
1.0752000e+04 1.5504344e+00 
1.0880000e+04 1.5194741e+00 
1.1008000e+04 1.5819491e+00 
1.1136000e+04 1.6100736e+00 
1.1264000e+04 1.6523373e+00 
1.1392000e+04 1.6999934e+00 
1.1520000e+04 1.7375473e+00 
1.1648000e+04 1.7010459e+00 
1.1776000e+04 1.6284493e+00 
1.1904000e+04 1.5943052e+00 
1.2032000e+04 1.5916311e+00 
1.2160000e+04 1.5859594e+00 
1.2288000e+04 1.5213981e+00 
1.2416000e+04 1.5126134e+00 
1.2544000e+04 1.5624474e+00 
1.2672000e+04 1.6237453e+00 
1.2800000e+04 1.6426032e+00 
1.2928000e+04 1.6563380e+00 
1.3056000e+04 1.6627691e+00 
1.3184000e+04 1.6530950e+00 
1.3312000e+04 1.6397266e+00 
1.3440000e+04 1.6055415e+00 
1.3568000e+04 1.5386527e+00 
1.3696000e+04 1.5431620e+00 
1.3824000e+04 1.5655817e+00 
1.3952000e+04 1.5944667e+00 
1.4080000e+04 1.6194468e+00 
1.4208000e+04 1.6348747e+00 
1.4336000e+04 1.7079628e+00 
1.4464000e+04 1.8624046e+00 
1.4592000e+04 1.9975376e+00 
1.4720000e+04 2.1921210e+00 
1.4848000e+04 2.6473446e+00 
1.4976000e+04 3.9546506e+00 
1.5104000e+04 4.1631161e+01 
1.5232000e+04 8.8504524e+01 
1.5360000e+04 4.9264866e+01 
1.5488000e+04 4.1984658e+00 
1.5616000e+04 2.6464887e+00 
1.5744000e+04 2.1903589e+00 
1.5872000e+04 2.0231407e+00 
1.6000000e+04 1.9113843e+00 
1.6128000e+04 1.8566418e+00 
1.6256000e+04 1.8096825e+00 
1.6384000e+04 1.7936057e+00 
1.6512000e+04 1.7728105e+00 
1.6640000e+04 1.7740816e+00 
1.6768000e+04 1.7656530e+00 
1.6896000e+04 1.7701277e+00 
1.7024000e+04 1.7950627e+00 
1.7152000e+04 1.8017409e+00 
1.7280000e+04 1.8247579e+00 
1.7408000e+04 1.8612289e+00 
1.7536000e+04 1.9015641e+00 
1.7664000e+04 1.9887207e+00 
1.7792000e+04 2.0783443e+00 
1.7920000e+04 2.1014233e+00 
1.8048000e+04 2.1515362e+00 
1.8176000e+04 2.1552083e+00 
1.8304000e+04 2.1394606e+00 
1.8432000e+04 2.1060903e+00 
1.8560000e+04 2.0584855e+00 
1.8688000e+04 1.9746237e+00 
1.8816000e+04 1.9359075e+00 
1.8944000e+04 1.9030209e+00 
1.9072000e+04 1.8619127e+00 
1.9200000e+04 1.9221743e+00 
1.9328000e+04 1.9226257e+00 
1.9456000e+04 1.9199877e+00 
1.9584000e+04 2.0028937e+00 
1.9712000e+04 1.8170906e+00 
1.9840000e+04 1.6813191e+00 
1.9968000e+04 1.6849133e+00 
2.0096000e+04 1.6308210e+00 
2.0224000e+04 1.5936887e+00 
2.0352000e+04 1.5731621e+00 
2.0480000e+04 1.5416366e+00 
2.0608000e+04 1.5113404e+00 
2.0736000e+04 1.6804322e+00 
2.0864000e+04 1.6846807e+00 
2.0992000e+04 1.4429623e+00 
2.1120000e+04 1.4129285e+00 
2.1248000e+04 1.4037458e+00 
2.1376000e+04 1.4049333e+00 
2.1504000e+04 1.3706758e+00 
2.1632000e+04 1.3121841e+00 
2.1760000e+04 1.2881931e+00 
2.1888000e+04 1.2706442e+00 
2.2016000e+04 1.2458996e+00 
2.2144000e+04 1.2261242e+00 
2.2272000e+04 1.2031038e+00 
2.2400000e+04 1.1905882e+00 
2.2528000e+04 1.1938000e+00 
2.2656000e+04 1.1881850e+00 
2.2784000e+04 1.1939979e+00 
2.2912000e+04 1.1827674e+00 
2.3040000e+04 1.1815333e+00 
2.3168000e+04 1.1693221e+00 
2.3296000e+04 1.1560613e+00 
2.3424000e+04 1.1459146e+00 
2.3552000e+04 1.1177540e+00 
2.3680000e+04 1.0992674e+00 
2.3808000e+04 1.1087165e+00 
2.3936000e+04 1.1188139e+00 
2.4064000e+04 1.1166415e+00 
2.4192000e+04 1.1122456e+00 
2.4320000e+04 1.0828904e+00 
2.4448000e+04 1.0738485e+00 
2.4576000e+04 1.0925636e+00 
2.4704000e+04 1.0995346e+00 
2.4832000e+04 1.0966100e+00 
2.4960000e+04 1.1030951e+00 
2.5088000e+04 1.1478628e+00 
2.5216000e+04 1.1023811e+00 
2.5344000e+04 1.0621455e+00 
2.5472000e+04 1.0587862e+00 
2.5600000e+04 1.0660075e+00 
2.5728000e+04 1.0638838e+00 
2.5856000e+04 1.0413496e+00 
2.5984000e+04 1.0345428e+00 
2.6112000e+04 1.0396715e+00 
2.6240000e+04 1.0412776e+00 
2.6368000e+04 1.0581126e+00 
2.6496000e+04 1.0747389e+00 
2.6624000e+04 1.0984013e+00 
2.6752000e+04 1.1665050e+00 
2.6880000e+04 1.2498021e+00 
2.7008000e+04 1.2222474e+00 
2.7136000e+04 1.1341761e+00 
2.7264000e+04 1.0801597e+00 
2.7392000e+04 1.0759066e+00 
2.7520000e+04 1.0685940e+00 
2.7648000e+04 1.3159865e+00 
2.7776000e+04 3.0483868e+00 
2.7904000e+04 3.1338060e+00 
2.8032000e+04 1.4440794e+00 
2.8160000e+04 1.0708694e+00 
2.8288000e+04 1.0535767e+00 
2.8416000e+04 1.0427433e+00 
2.8544000e+04 1.0225718e+00 
2.8672000e+04 1.0082387e+00 
2.8800000e+04 1.0013629e+00 
2.8928000e+04 1.0189297e+00 
2.9056000e+04 1.0165364e+00 
2.9184000e+04 1.0137432e+00 
2.9312000e+04 1.0172195e+00 
2.9440000e+04 1.0211154e+00 
2.9568000e+04 1.0263968e+00 
2.9696000e+04 1.0136981e+00 
2.9824000e+04 1.0153265e+00 
2.9952000e+04 1.0242456e+00 
3.0080000e+04 1.0226223e+00 
3.0208000e+04 1.0062859e+00 
3.0336000e+04 1.0115635e+00 
3.0464000e+04 1.0186245e+00 
3.0592000e+04 1.0131764e+00 
3.0720000e+04 1.0225786e+00 
3.0848000e+04 1.0499623e+00 
3.0976000e+04 1.0487537e+00 
3.1104000e+04 1.0235301e+00 
3.1232000e+04 1.0183043e+00 
3.1360000e+04 1.0097846e+00 
3.1488000e+04 1.0123734e+00 
3.1616000e+04 9.9964803e-01 
3.1744000e+04 1.0005497e+00 
3.1872000e+04 9.9367267e-01 
3.2000000e+04 9.8412788e-01 
3.2128000e+04 9.7218096e-01 
3.2256000e+04 9.8454225e-01 
3.2384000e+04 9.7578615e-01 
3.2512000e+04 9.7318625e-01 
3.2640000e+04 9.7151738e-01 
3.2768000e+04 9.7984260e-01 
3.2896000e+04 9.8409134e-01 
3.3024000e+04 9.8276812e-01 
3.3152000e+04 9.9191695e-01 
3.3280000e+04 9.9625069e-01 
3.3408000e+04 9.8917121e-01 
3.3536000e+04 9.8739648e-01 
3.3664000e+04 9.9824452e-01 
3.3792000e+04 9.8483497e-01 
3.3920000e+04 9.8363072e-01 
3.4048000e+04 9.9320328e-01 
3.4176000e+04 9.8525566e-01 
3.4304000e+04 9.6487349e-01 
3.4432000e+04 9.6245360e-01 
3.4560000e+04 9.7030616e-01 
3.4688000e+04 9.7016698e-01 
3.4816000e+04 9.6233058e-01 
3.4944000e+04 9.7075284e-01 
3.5072000e+04 9.8086369e-01 
3.5200000e+04 9.6515131e-01 
3.5328000e+04 9.4774675e-01 
3.5456000e+04 9.4984204e-01 
3.5584000e+04 9.5755553e-01 
3.5712000e+04 9.5364225e-01 
3.5840000e+04 9.4103897e-01 
3.5968000e+04 9.4459790e-01 
3.6096000e+04 9.4318008e-01 
3.6224000e+04 9.3554091e-01 
3.6352000e+04 9.3679601e-01 
3.6480000e+04 9.5397991e-01 
3.6608000e+04 9.5233077e-01 
3.6736000e+04 9.4136322e-01 
3.6864000e+04 9.4447780e-01 
3.6992000e+04 9.4505835e-01 
3.7120000e+04 9.5656824e-01 
3.7248000e+04 9.5689094e-01 
3.7376000e+04 9.6084481e-01 
3.7504000e+04 9.6388495e-01 
3.7632000e+04 9.5131993e-01 
3.7760000e+04 9.4869691e-01 
3.7888000e+04 9.5574003e-01 
3.8016000e+04 9.4781440e-01 
3.8144000e+04 9.5548654e-01 
3.8272000e+04 9.5901209e-01 
3.8400000e+04 9.6080673e-01 
3.8528000e+04 9.5655912e-01 
3.8656000e+04 9.6159166e-01 
3.8784000e+04 9.8031718e-01 
3.8912000e+04 9.9993491e-01 
3.9040000e+04 1.0149704e+00 
3.9168000e+04 1.0359285e+00 
3.9296000e+04 1.0531660e+00 
3.9424000e+04 1.0580567e+00 
3.9552000e+04 1.0135666e+00 
3.9680000e+04 1.0200511e+00 
3.9808000e+04 1.0643944e+00 
3.9936000e+04 1.1236362e+00 
4.0064000e+04 1.1106751e+00 
4.0192000e+04 1.1270171e+00 
4.0320000e+04 1.0724076e+00 
4.0448000e+04 9.9711561e-01 
4.0576000e+04 9.9834257e-01 
4.0704000e+04 1.0585768e+00 
4.0832000e+04 1.0805736e+00 
4.0960000e+04 1.0284120e+00 
4.1088000e+04 9.7125703e-01 
4.1216000e+04 9.5667011e-01 
4.1344000e+04 9.4344431e-01 
4.1472000e+04 9.3756598e-01 
4.1600000e+04 9.3819690e-01 
4.1728000e+04 9.3654937e-01 
4.1856000e+04 9.3391275e-01 
4.1984000e+04 9.4221872e-01 
4.2112000e+04 9.4601613e-01 
4.2240000e+04 9.4034529e-01 
4.2368000e+04 9.5271927e-01 
4.2496000e+04 9.5061094e-01 
4.2624000e+04 9.3566716e-01 
4.2752000e+04 9.4057465e-01 
4.2880000e+04 9.4454271e-01 
4.3008000e+04 9.4456577e-01 
4.3136000e+04 9.4911611e-01 
4.3264000e+04 9.4666320e-01 
4.3392000e+04 9.3357158e-01 
4.3520000e+04 9.2324626e-01 
4.3648000e+04 9.3430668e-01 
4.3776000e+04 9.3743503e-01 
4.3904000e+04 9.2089182e-01 
4.4032000e+04 9.2216069e-01 
4.4160000e+04 9.2645973e-01 
4.4288000e+04 9.2209142e-01 
4.4416000e+04 9.1363311e-01 
4.4544000e+04 9.2885107e-01 
4.4672000e+04 9.2725271e-01 
4.4800000e+04 9.4012243e-01 
4.4928000e+04 9.4134676e-01 
4.5056000e+04 9.3466085e-01 
4.5184000e+04 9.3931115e-01 
4.5312000e+04 9.3539727e-01 
4.5440000e+04 9.2337108e-01 
4.5568000e+04 9.3150246e-01 
4.5696000e+04 9.4824409e-01 
4.5824000e+04 9.4654262e-01 
4.5952000e+04 9.4366688e-01 
4.6080000e+04 9.3810040e-01 
4.6208000e+04 9.4223279e-01 
4.6336000e+04 9.3741912e-01 
4.6464000e+04 9.3504250e-01 
4.6592000e+04 9.4653976e-01 
4.6720000e+04 9.3507671e-01 
4.6848000e+04 9.3996370e-01 
4.6976000e+04 9.5085108e-01 
4.7104000e+04 9.3638659e-01 
4.7232000e+04 9.3231779e-01 
4.7360000e+04 9.4105673e-01 
4.7488000e+04 9.5223331e-01 
4.7616000e+04 9.5569396e-01 
4.7744000e+04 9.4988054e-01 
4.7872000e+04 9.4318277e-01 
4.8000000e+04 9.4364941e-01 
4.8128000e+04 9.4013852e-01 
4.8256000e+04 9.4597334e-01 
4.8384000e+04 9.3619454e-01 
4.8512000e+04 9.3276507e-01 
4.8640000e+04 9.3591237e-01 
4.8768000e+04 9.3014991e-01 
4.8896000e+04 9.3353659e-01 
4.9024000e+04 9.3078923e-01 
4.9152000e+04 9.3436217e-01 
4.9280000e+04 9.3665868e-01 
4.9408000e+04 9.3239671e-01 
4.9536000e+04 9.2318434e-01 
4.9664000e+04 9.2992270e-01 
4.9792000e+04 9.4297844e-01 
4.9920000e+04 9.3896747e-01 
5.0048000e+04 9.3034536e-01 
5.0176000e+04 9.3271226e-01 
5.0304000e+04 9.3569851e-01 
5.0432000e+04 9.3002057e-01 
5.0560000e+04 9.2661744e-01 
5.0688000e+04 9.3871307e-01 
5.0816000e+04 9.4756907e-01 
5.0944000e+04 9.3408090e-01 
5.1072000e+04 9.3375701e-01 
5.1200000e+04 9.3491364e-01 
5.1328000e+04 9.4533175e-01 
5.1456000e+04 9.5300126e-01 
5.1584000e+04 9.5115650e-01 
5.1712000e+04 9.4143367e-01 
5.1840000e+04 9.4404519e-01 
5.1968000e+04 9.3750805e-01 
5.2096000e+04 9.4628519e-01 
5.2224000e+04 9.4602621e-01 
5.2352000e+04 9.3778282e-01 
5.2480000e+04 9.4903111e-01 
5.2608000e+04 9.4104165e-01 
5.2736000e+04 9.3963391e-01 
5.2864000e+04 9.3531269e-01 
5.2992000e+04 9.3108320e-01 
5.3120000e+04 9.3440086e-01 
5.3248000e+04 9.5302564e-01 
5.3376000e+04 9.5194250e-01 
5.3504000e+04 9.4963163e-01 
5.3632000e+04 9.5795000e-01 
5.3760000e+04 9.5987850e-01 
5.3888000e+04 9.4987386e-01 
5.4016000e+04 9.4484651e-01 
5.4144000e+04 9.3941253e-01 
5.4272000e+04 9.4515353e-01 
5.4400000e+04 9.5444334e-01 
5.4528000e+04 9.4930714e-01 
5.4656000e+04 9.5213491e-01 
5.4784000e+04 9.3506730e-01 
5.4912000e+04 9.4088161e-01 
5.5040000e+04 9.4149989e-01 
5.5168000e+04 9.4941694e-01 
5.5296000e+04 9.5163059e-01 
5.5424000e+04 9.5092142e-01 
5.5552000e+04 9.5486629e-01 
5.5680000e+04 9.5249641e-01 
5.5808000e+04 9.5057261e-01 
5.5936000e+04 9.4452059e-01 
5.6064000e+04 9.4071144e-01 
5.6192000e+04 9.3866163e-01 
5.6320000e+04 9.3482798e-01 
5.6448000e+04 9.5132768e-01 
5.6576000e+04 9.3771631e-01 
5.6704000e+04 9.3305403e-01 
5.6832000e+04 9.5086139e-01 
5.6960000e+04 9.5377076e-01 
5.7088000e+04 9.5409864e-01 
5.7216000e+04 9.4843519e-01 
5.7344000e+04 9.4482946e-01 
5.7472000e+04 9.5148122e-01 
5.7600000e+04 9.4093370e-01 
5.7728000e+04 9.4285929e-01 
5.7856000e+04 9.5956111e-01 
5.7984000e+04 9.4653040e-01 
5.8112000e+04 9.4849467e-01 
5.8240000e+04 9.4264734e-01 
5.8368000e+04 9.4083595e-01 
5.8496000e+04 9.4291258e-01 
5.8624000e+04 9.7034937e-01 
5.8752000e+04 1.0683393e+00 
5.8880000e+04 9.9589616e-01 
5.9008000e+04 9.5355487e-01 
5.9136000e+04 9.5576173e-01 
5.9264000e+04 9.6051466e-01 
5.9392000e+04 9.4793373e-01 
5.9520000e+04 9.4992101e-01 
5.9648000e+04 9.4002664e-01 
5.9776000e+04 9.4420069e-01 
5.9904000e+04 1.0038732e+00 
6.0032000e+04 1.0050149e+00 
6.0160000e+04 9.4939232e-01 
6.0288000e+04 9.4749492e-01 
6.0416000e+04 9.6401882e-01 
6.0544000e+04 9.5001888e-01 
6.0672000e+04 9.4618219e-01 
6.0800000e+04 9.4455636e-01 
6.0928000e+04 9.5139682e-01 
6.1056000e+04 9.5175850e-01 
6.1184000e+04 9.3986762e-01 
6.1312000e+04 9.4646227e-01 
6.1440000e+04 9.5853812e-01 
6.1568000e+04 9.5178127e-01 
6.1696000e+04 9.6044093e-01 
6.1824000e+04 9.6454334e-01 
6.1952000e+04 9.5039344e-01 
6.2080000e+04 9.4945258e-01 
6.2208000e+04 9.6816373e-01 
6.2336000e+04 9.6430790e-01 
6.2464000e+04 9.5535016e-01 
6.2592000e+04 9.5923525e-01 
6.2720000e+04 9.5852560e-01 
6.2848000e+04 9.5950419e-01 
6.2976000e+04 9.6502411e-01 
6.3104000e+04 9.6486104e-01 
6.3232000e+04 9.7974932e-01 
6.3360000e+04 1.0110692e+00 
6.3488000e+04 9.8971081e-01 
6.3616000e+04 9.6409398e-01 
6.3744000e+04 9.6624452e-01 
6.3872000e+04 9.6613860e-01 
6.4000000e+04 9.6577048e-01 
6.4128000e+04 9.6706057e-01 
6.4256000e+04 9.6170872e-01 
6.4384000e+04 9.7025514e-01 
6.4512000e+04 9.8267746e-01 
6.4640000e+04 9.8132378e-01 
6.4768000e+04 9.9273616e-01 
6.4896000e+04 1.0000186e+00 
6.5024000e+04 9.7914630e-01 
6.5152000e+04 9.6019751e-01 
6.5280000e+04 9.5455879e-01 
6.5408000e+04 9.6111971e-01 
6.5536000e+04 9.6894211e-01 
6.5664000e+04 9.7491139e-01 
6.5792000e+04 9.8085290e-01 
6.5920000e+04 9.9339586e-01 
6.6048000e+04 9.8465312e-01 
6.6176000e+04 9.6988088e-01 
6.6304000e+04 9.6244198e-01 
6.6432000e+04 9.6890676e-01 
6.6560000e+04 9.6434957e-01 
6.6688000e+04 9.7091150e-01 
6.6816000e+04 9.6803236e-01 
6.6944000e+04 9.5742691e-01 
6.7072000e+04 9.6663576e-01 
6.7200000e+04 9.6801430e-01 
6.7328000e+04 9.6380216e-01 
6.7456000e+04 9.5896161e-01 
6.7584000e+04 9.5946753e-01 
6.7712000e+04 9.6056235e-01 
6.7840000e+04 9.7462451e-01 
6.7968000e+04 9.7844523e-01 
6.8096000e+04 9.9650848e-01 
6.8224000e+04 9.9535221e-01 
6.8352000e+04 9.7070318e-01 
6.8480000e+04 9.7115988e-01 
6.8608000e+04 9.7234094e-01 
6.8736000e+04 9.6103877e-01 
6.8864000e+04 9.6793461e-01 
6.8992000e+04 9.6509582e-01 
6.9120000e+04 9.6909273e-01 
6.9248000e+04 9.8437786e-01 
6.9376000e+04 9.8969036e-01 
6.9504000e+04 9.8336208e-01 
6.9632000e+04 9.7522151e-01 
6.9760000e+04 9.7745228e-01 
6.9888000e+04 9.6877122e-01 
7.0016000e+04 9.6842903e-01 
7.0144000e+04 9.7222513e-01 
7.0272000e+04 9.6967882e-01 
7.0400000e+04 9.7483575e-01 
7.0528000e+04 9.8581976e-01 
7.0656000e+04 9.8262894e-01 
7.0784000e+04 9.9332517e-01 
7.0912000e+04 9.9435979e-01 
7.1040000e+04 9.8500496e-01 
7.1168000e+04 9.8462677e-01 
7.1296000e+04 9.9602383e-01 
7.1424000e+04 9.9376673e-01 
7.1552000e+04 9.9341387e-01 
7.1680000e+04 1.0006775e+00 
7.1808000e+04 1.0028256e+00 
7.1936000e+04 1.0032938e+00 
7.2064000e+04 1.0040888e+00 
7.2192000e+04 1.0099139e+00 
7.2320000e+04 1.0066278e+00 
7.2448000e+04 1.0067601e+00 
7.2576000e+04 1.0032591e+00 
7.2704000e+04 1.0159085e+00 
7.2832000e+04 1.0177190e+00 
7.2960000e+04 1.0224900e+00 
7.3088000e+04 1.0073711e+00 
7.3216000e+04 1.0051256e+00 
7.3344000e+04 1.0057199e+00 
7.3472000e+04 1.0069102e+00 
7.3600000e+04 9.9579251e-01 
7.3728000e+04 1.0122322e+00 
7.3856000e+04 1.0612012e+00 
7.3984000e+04 1.0853369e+00 
7.4112000e+04 1.0478337e+00 
7.4240000e+04 1.0200571e+00 
7.4368000e+04 1.0094675e+00 
7.4496000e+04 1.0166988e+00 
7.4624000e+04 1.0226060e+00 
7.4752000e+04 1.0178632e+00 
7.4880000e+04 1.0120499e+00 
7.5008000e+04 1.0134193e+00 
7.5136000e+04 1.0095128e+00 
7.5264000e+04 1.0168095e+00 
7.5392000e+04 1.0280597e+00 
7.5520000e+04 1.0104972e+00 
7.5648000e+04 1.0200270e+00 
7.5776000e+04 1.0336318e+00 
7.5904000e+04 1.0308647e+00 
7.6032000e+04 1.0059220e+00 
7.6160000e+04 1.0016900e+00 
7.6288000e+04 1.0148637e+00 
7.6416000e+04 1.0103819e+00 
7.6544000e+04 1.0232586e+00 
7.6672000e+04 1.0335702e+00 
7.6800000e+04 1.0301052e+00 
7.6928000e+04 1.0267842e+00 
7.7056000e+04 1.0283730e+00 
7.7184000e+04 1.0233012e+00 
7.7312000e+04 1.0206956e+00 
7.7440000e+04 1.0168588e+00 
7.7568000e+04 1.0174685e+00 
7.7696000e+04 1.0164964e+00 
7.7824000e+04 1.0184880e+00 
7.7952000e+04 1.0113622e+00 
7.8080000e+04 1.0134031e+00 
7.8208000e+04 1.0394670e+00 
7.8336000e+04 1.1836128e+00 
7.8464000e+04 1.0899915e+00 
7.8592000e+04 1.0209152e+00 
7.8720000e+04 1.0301592e+00 
7.8848000e+04 1.0197517e+00 
7.8976000e+04 1.0248829e+00 
7.9104000e+04 1.0326409e+00 
7.9232000e+04 1.0268664e+00 
7.9360000e+04 1.0276985e+00 
7.9488000e+04 1.0246197e+00 
7.9616000e+04 1.0349764e+00 
7.9744000e+04 1.0300575e+00 
7.9872000e+04 1.0372146e+00 
8.0000000e+04 1.0554852e+00 
8.0128000e+04 1.0412819e+00 
8.0256000e+04 1.0205597e+00 
8.0384000e+04 1.0241710e+00 
8.0512000e+04 1.0322927e+00 
8.0640000e+04 1.1191109e+00 
8.0768000e+04 1.2882706e+00 
8.0896000e+04 1.2316658e+00 
8.1024000e+04 1.0918049e+00 
8.1152000e+04 1.0630215e+00 
8.1280000e+04 1.0425022e+00 
8.1408000e+04 1.0662526e+00 
8.1536000e+04 1.0763094e+00 
8.1664000e+04 1.0409752e+00 
8.1792000e+04 1.0504124e+00 
8.1920000e+04 1.0360529e+00 
8.2048000e+04 1.0353800e+00 
8.2176000e+04 1.0393384e+00 
8.2304000e+04 1.0447553e+00 
8.2432000e+04 1.0496624e+00 
8.2560000e+04 1.0445722e+00 
8.2688000e+04 1.0521209e+00 
8.2816000e+04 1.0585756e+00 
8.2944000e+04 1.0429590e+00 
8.3072000e+04 1.0430524e+00 
8.3200000e+04 1.0484700e+00 
8.3328000e+04 1.0301203e+00 
8.3456000e+04 1.0419741e+00 
8.3584000e+04 1.0466514e+00 
8.3712000e+04 1.0513842e+00 
8.3840000e+04 1.0514940e+00 
8.3968000e+04 1.0488197e+00 
8.4096000e+04 1.0366789e+00 
8.4224000e+04 1.0411756e+00 
8.4352000e+04 1.0512187e+00 
8.4480000e+04 1.0523002e+00 
8.4608000e+04 1.0407157e+00 
8.4736000e+04 1.0394423e+00 
8.4864000e+04 1.0470616e+00 
8.4992000e+04 1.0556450e+00 
8.5120000e+04 1.0555115e+00 
8.5248000e+04 1.0615431e+00 
8.5376000e+04 1.0597711e+00 
8.5504000e+04 1.0703982e+00 
8.5632000e+04 1.0768507e+00 
8.5760000e+04 1.0780343e+00 
8.5888000e+04 1.0797012e+00 
8.6016000e+04 1.0948930e+00 
8.6144000e+04 1.0830203e+00 
8.6272000e+04 1.0794070e+00 
8.6400000e+04 1.0799291e+00 
8.6528000e+04 1.0730400e+00 
8.6656000e+04 1.0670940e+00 
8.6784000e+04 1.0783808e+00 
8.6912000e+04 1.0909790e+00 
8.7040000e+04 1.0824875e+00 
8.7168000e+04 1.0720974e+00 
8.7296000e+04 1.0838584e+00 
8.7424000e+04 1.0789889e+00 
8.7552000e+04 1.1028634e+00 
8.7680000e+04 1.1096838e+00 
8.7808000e+04 1.1142997e+00 
8.7936000e+04 1.1524228e+00 
8.8064000e+04 1.1350032e+00 
8.8192000e+04 1.1311733e+00 
8.8320000e+04 1.1209506e+00 
8.8448000e+04 1.0998807e+00 
8.8576000e+04 1.1028037e+00 
8.8704000e+04 1.0991070e+00 
8.8832000e+04 1.1030555e+00 
8.8960000e+04 1.0922917e+00 
8.9088000e+04 1.0813016e+00 
8.9216000e+04 1.0951113e+00 
8.9344000e+04 1.0910963e+00 
8.9472000e+04 1.1025397e+00 
8.9600000e+04 1.1013540e+00 
8.9728000e+04 1.0907696e+00 
8.9856000e+04 1.1224781e+00 
8.9984000e+04 1.1761262e+00 
9.0112000e+04 1.1793901e+00 
9.0240000e+04 1.1839710e+00 
9.0368000e+04 1.1793431e+00 
9.0496000e+04 1.1849302e+00 
9.0624000e+04 1.1955948e+00 
9.0752000e+04 1.1997401e+00 
9.0880000e+04 1.1683078e+00 
9.1008000e+04 1.1279846e+00 
9.1136000e+04 1.1196760e+00 
9.1264000e+04 1.1316832e+00 
9.1392000e+04 1.1280572e+00 
9.1520000e+04 1.1373682e+00 
9.1648000e+04 1.1374547e+00 
9.1776000e+04 1.1331360e+00 
9.1904000e+04 1.1284493e+00 
9.2032000e+04 1.1230912e+00 
9.2160000e+04 1.1190807e+00 
9.2288000e+04 1.1209394e+00 
9.2416000e+04 1.1278223e+00 
9.2544000e+04 1.1362191e+00 
9.2672000e+04 1.1311855e+00 
9.2800000e+04 1.1346306e+00 
9.2928000e+04 1.1553518e+00 
9.3056000e+04 1.1537207e+00 
9.3184000e+04 1.1528274e+00 
9.3312000e+04 1.1883900e+00 
9.3440000e+04 1.2685133e+00 
9.3568000e+04 1.3679349e+00 
9.3696000e+04 1.4057230e+00 
9.3824000e+04 1.4699162e+00 
9.3952000e+04 1.4561704e+00 
9.4080000e+04 1.3297148e+00 
9.4208000e+04 1.2519689e+00 
9.4336000e+04 1.2568632e+00 
9.4464000e+04 1.3044604e+00 
9.4592000e+04 1.3961661e+00 
9.4720000e+04 1.5242032e+00 
9.4848000e+04 1.8009411e+00 
9.4976000e+04 2.0397959e+00 
9.5104000e+04 2.0582900e+00 
9.5232000e+04 1.9272176e+00 
9.5360000e+04 2.1464906e+00 
9.5488000e+04 2.3205009e+00 
9.5616000e+04 2.1703453e+00 
9.5744000e+04 1.9705909e+00 
9.5872000e+04 1.9761304e+00 
9.6000000e+04 2.1521928e+00 
9.6128000e+04 2.0446358e+00 
9.6256000e+04 2.0603719e+00 
9.6384000e+04 2.3574767e+00 
9.6512000e+04 3.0213995e+00 
9.6640000e+04 3.5324025e+00 
9.6768000e+04 3.3845994e+00 
9.6896000e+04 3.0640349e+00 
9.7024000e+04 2.7925742e+00 
9.7152000e+04 2.4358180e+00 
9.7280000e+04 2.0209999e+00 
9.7408000e+04 1.7011522e+00 
9.7536000e+04 1.6352905e+00 
9.7664000e+04 2.3060215e+00 
9.7792000e+04 3.4622715e+00 
9.7920000e+04 4.1873832e+00 
9.8048000e+04 3.5320859e+00 
9.8176000e+04 1.9315015e+00 
9.8304000e+04 1.5597730e+00 
9.8432000e+04 1.6282331e+00 
9.8560000e+04 1.7207534e+00 
9.8688000e+04 1.5583529e+00 
9.8816000e+04 1.4603397e+00 
9.8944000e+04 1.3793719e+00 
9.9072000e+04 1.2915812e+00 
9.9200000e+04 1.2433379e+00 
9.9328000e+04 1.2489822e+00 
9.9456000e+04 1.2669617e+00 
9.9584000e+04 1.2785569e+00 
9.9712000e+04 1.2861265e+00 
9.9840000e+04 1.3260130e+00 
9.9968000e+04 1.3635159e+00 
1.0009600e+05 1.3187219e+00 
1.0022400e+05 1.2711558e+00 
1.0035200e+05 1.2518224e+00 
1.0048000e+05 1.2463310e+00 
1.0060800e+05 1.2251430e+00 
1.0073600e+05 1.2276299e+00 
1.0086400e+05 1.2364775e+00 
1.0099200e+05 1.2464274e+00 
1.0112000e+05 1.2720298e+00 
1.0124800e+05 1.3336909e+00 
1.0137600e+05 1.4174565e+00 
1.0150400e+05 1.3944252e+00 
1.0163200e+05 1.3360327e+00 
1.0176000e+05 1.3114439e+00 
1.0188800e+05 1.3362230e+00 
1.0201600e+05 1.4067827e+00 
1.0214400e+05 1.4003057e+00 
1.0227200e+05 1.4316956e+00 
1.0240000e+05 1.6811920e+00 
