0.0000000e+00 1.7997742e-03 
1.2800000e+02 1.0075383e-03 
2.5600000e+02 3.0471219e-04 
3.8400000e+02 3.9143892e-04 
5.1200000e+02 3.6632063e-04 
6.4000000e+02 2.8539461e-04 
7.6800000e+02 1.4648653e-04 
8.9600000e+02 7.6925404e-05 
1.0240000e+03 1.1594153e-04 
1.1520000e+03 8.3881001e-05 
1.2800000e+03 2.4548403e-05 
1.4080000e+03 2.0429979e-05 
1.5360000e+03 1.7734010e-05 
1.6640000e+03 1.6530121e-05 
1.7920000e+03 1.6626593e-05 
1.9200000e+03 1.3612902e-05 
2.0480000e+03 1.1602774e-05 
2.1760000e+03 1.0806444e-05 
2.3040000e+03 1.0254102e-05 
2.4320000e+03 8.2962333e-06 
2.5600000e+03 7.2608773e-06 
2.6880000e+03 7.9870633e-06 
2.8160000e+03 8.2668539e-06 
2.9440000e+03 7.6567367e-06 
3.0720000e+03 6.3860953e-06 
3.2000000e+03 6.2378767e-06 
3.3280000e+03 7.4393224e-06 
3.4560000e+03 1.6370168e-05 
3.5840000e+03 2.4121779e-04 
3.7120000e+03 3.8392100e-04 
3.8400000e+03 1.5095726e-04 
3.9680000e+03 1.0259936e-05 
4.0960000e+03 5.5607993e-06 
4.2240000e+03 4.6079167e-06 
4.3520000e+03 4.1691687e-06 
4.4800000e+03 3.7076315e-06 
4.6080000e+03 3.6303177e-06 
4.7360000e+03 3.5564822e-06 
4.8640000e+03 3.4831805e-06 
4.9920000e+03 3.4940970e-06 
5.1200000e+03 3.9469101e-06 
5.2480000e+03 4.2170345e-06 
5.3760000e+03 4.2172801e-06 
5.5040000e+03 4.1920825e-06 
5.6320000e+03 4.0635250e-06 
5.7600000e+03 4.4397248e-06 
5.8880000e+03 4.3434188e-06 
6.0160000e+03 4.0894665e-06 
6.1440000e+03 4.6779942e-06 
6.2720000e+03 6.2934068e-06 
6.4000000e+03 6.9297994e-06 
6.5280000e+03 6.5511504e-06 
6.6560000e+03 5.7223142e-06 
6.7840000e+03 4.2118286e-06 
6.9120000e+03 3.6133813e-06 
7.0400000e+03 3.4704456e-06 
7.1680000e+03 3.2290138e-06 
7.2960000e+03 3.2962500e-06 
7.4240000e+03 3.8385988e-06 
7.5520000e+03 3.9694914e-06 
7.6800000e+03 3.8382236e-06 
7.8080000e+03 3.2203855e-06 
7.9360000e+03 3.0094723e-06 
8.0640000e+03 3.0126826e-06 
8.1920000e+03 2.9161022e-06 
8.3200000e+03 2.8611717e-06 
8.4480000e+03 2.7971596e-06 
8.5760000e+03 2.8586094e-06 
8.7040000e+03 2.9167043e-06 
8.8320000e+03 3.0134631e-06 
8.9600000e+03 3.0728827e-06 
9.0880000e+03 3.0341569e-06 
9.2160000e+03 3.0668930e-06 
9.3440000e+03 3.1085885e-06 
9.4720000e+03 2.8786790e-06 
9.6000000e+03 2.7048679e-06 
9.7280000e+03 2.5194938e-06 
9.8560000e+03 2.5075497e-06 
9.9840000e+03 2.6311061e-06 
1.0112000e+04 2.3998846e-06 
1.0240000e+04 2.3047671e-06 
1.0368000e+04 2.2770960e-06 
1.0496000e+04 2.2897618e-06 
1.0624000e+04 2.3016034e-06 
1.0752000e+04 2.3200030e-06 
1.0880000e+04 2.2583326e-06 
1.1008000e+04 2.3483344e-06 
1.1136000e+04 2.3844384e-06 
1.1264000e+04 2.4382048e-06 
1.1392000e+04 2.4985327e-06 
1.1520000e+04 2.5713009e-06 
1.1648000e+04 2.5608454e-06 
1.1776000e+04 2.5305335e-06 
1.1904000e+04 2.4495148e-06 
1.2032000e+04 2.3854595e-06 
1.2160000e+04 2.3773957e-06 
1.2288000e+04 2.2604859e-06 
1.2416000e+04 2.2514425e-06 
1.2544000e+04 2.3116959e-06 
1.2672000e+04 2.3890661e-06 
1.2800000e+04 2.4259293e-06 
1.2928000e+04 2.4406716e-06 
1.3056000e+04 2.4485144e-06 
1.3184000e+04 2.4364172e-06 
1.3312000e+04 2.4171927e-06 
1.3440000e+04 2.3763128e-06 
1.3568000e+04 2.2747895e-06 
1.3696000e+04 2.2721711e-06 
1.3824000e+04 2.3155546e-06 
1.3952000e+04 2.3559737e-06 
1.4080000e+04 2.3930857e-06 
1.4208000e+04 2.4158555e-06 
1.4336000e+04 2.5181027e-06 
1.4464000e+04 2.7382903e-06 
1.4592000e+04 2.9295936e-06 
1.4720000e+04 3.2103383e-06 
1.4848000e+04 3.8742037e-06 
1.4976000e+04 5.7807015e-06 
1.5104000e+04 6.2794716e-05 
1.5232000e+04 1.3594516e-04 
1.5360000e+04 7.4824027e-05 
1.5488000e+04 6.1433657e-06 
1.5616000e+04 3.8922899e-06 
1.5744000e+04 3.2393259e-06 
1.5872000e+04 2.9996418e-06 
1.6000000e+04 2.8698553e-06 
1.6128000e+04 2.7510284e-06 
1.6256000e+04 2.6662035e-06 
1.6384000e+04 2.6466475e-06 
1.6512000e+04 2.6183052e-06 
1.6640000e+04 2.6202233e-06 
1.6768000e+04 2.6072262e-06 
1.6896000e+04 2.6144041e-06 
1.7024000e+04 2.6517757e-06 
1.7152000e+04 2.6605160e-06 
1.7280000e+04 2.6938044e-06 
1.7408000e+04 2.7480398e-06 
1.7536000e+04 2.8115080e-06 
1.7664000e+04 2.9258615e-06 
1.7792000e+04 3.0553949e-06 
1.7920000e+04 3.0918584e-06 
1.8048000e+04 3.1686588e-06 
1.8176000e+04 3.1757709e-06 
1.8304000e+04 3.1463292e-06 
1.8432000e+04 3.1014531e-06 
1.8560000e+04 3.0317026e-06 
1.8688000e+04 2.9053385e-06 
1.8816000e+04 2.8522888e-06 
1.8944000e+04 2.8030317e-06 
1.9072000e+04 2.7405733e-06 
1.9200000e+04 2.8291090e-06 
1.9328000e+04 2.8329789e-06 
1.9456000e+04 2.8134998e-06 
1.9584000e+04 2.9585237e-06 
1.9712000e+04 2.6612404e-06 
1.9840000e+04 2.4825279e-06 
1.9968000e+04 2.4920014e-06 
2.0096000e+04 2.4098258e-06 
2.0224000e+04 2.3550504e-06 
2.0352000e+04 2.3306673e-06 
2.0480000e+04 2.2847369e-06 
2.0608000e+04 2.2431766e-06 
2.0736000e+04 2.4776346e-06 
2.0864000e+04 2.4879278e-06 
2.0992000e+04 2.1430733e-06 
2.1120000e+04 2.0985919e-06 
2.1248000e+04 2.0832267e-06 
2.1376000e+04 2.0821224e-06 
2.1504000e+04 2.0332702e-06 
2.1632000e+04 1.9486588e-06 
2.1760000e+04 1.9158394e-06 
2.1888000e+04 1.8868766e-06 
2.2016000e+04 1.8510531e-06 
2.2144000e+04 1.8267924e-06 
2.2272000e+04 1.7935229e-06 
2.2400000e+04 1.7809720e-06 
2.2528000e+04 1.7884888e-06 
2.2656000e+04 1.7741878e-06 
2.2784000e+04 1.7787305e-06 
2.2912000e+04 1.7624377e-06 
2.3040000e+04 1.7589560e-06 
2.3168000e+04 1.7438359e-06 
2.3296000e+04 1.7306082e-06 
2.3424000e+04 1.7122616e-06 
2.3552000e+04 1.6738802e-06 
2.3680000e+04 1.6495601e-06 
2.3808000e+04 1.6595569e-06 
2.3936000e+04 1.6783945e-06 
2.4064000e+04 1.6742808e-06 
2.4192000e+04 1.6601821e-06 
2.4320000e+04 1.6220613e-06 
2.4448000e+04 1.6088791e-06 
2.4576000e+04 1.6332521e-06 
2.4704000e+04 1.6315960e-06 
2.4832000e+04 1.6232532e-06 
2.4960000e+04 1.6416678e-06 
2.5088000e+04 1.6856209e-06 
2.5216000e+04 1.6294638e-06 
2.5344000e+04 1.5901792e-06 
2.5472000e+04 1.5714739e-06 
2.5600000e+04 1.5800900e-06 
2.5728000e+04 1.5889051e-06 
2.5856000e+04 1.5541827e-06 
2.5984000e+04 1.5397321e-06 
2.6112000e+04 1.5478665e-06 
2.6240000e+04 1.5490583e-06 
2.6368000e+04 1.5702890e-06 
2.6496000e+04 1.5893239e-06 
2.6624000e+04 1.6104680e-06 
2.6752000e+04 1.7295938e-06 
2.6880000e+04 2.0067669e-06 
2.7008000e+04 1.9294234e-06 
2.7136000e+04 1.6671635e-06 
2.7264000e+04 1.5881743e-06 
2.7392000e+04 1.5890255e-06 
2.7520000e+04 1.5783336e-06 
2.7648000e+04 1.9267329e-06 
2.7776000e+04 5.8006972e-06 
2.7904000e+04 6.1045894e-06 
2.8032000e+04 2.1209526e-06 
2.8160000e+04 1.5883330e-06 
2.8288000e+04 1.5687846e-06 
2.8416000e+04 1.5569907e-06 
2.8544000e+04 1.5302822e-06 
2.8672000e+04 1.5029243e-06 
2.8800000e+04 1.4954611e-06 
2.8928000e+04 1.5261948e-06 
2.9056000e+04 1.5169329e-06 
2.9184000e+04 1.5171944e-06 
2.9312000e+04 1.5197286e-06 
2.9440000e+04 1.5217439e-06 
2.9568000e+04 1.5352906e-06 
2.9696000e+04 1.5204730e-06 
2.9824000e+04 1.5213697e-06 
2.9952000e+04 1.5348643e-06 
3.0080000e+04 1.5272441e-06 
3.0208000e+04 1.4997742e-06 
3.0336000e+04 1.5071596e-06 
3.0464000e+04 1.5153881e-06 
3.0592000e+04 1.5021901e-06 
3.0720000e+04 1.5107912e-06 
3.0848000e+04 1.5447969e-06 
3.0976000e+04 1.5402884e-06 
3.1104000e+04 1.5092146e-06 
3.1232000e+04 1.5006093e-06 
3.1360000e+04 1.4945682e-06 
3.1488000e+04 1.5023436e-06 
3.1616000e+04 1.4859615e-06 
3.1744000e+04 1.4893295e-06 
3.1872000e+04 1.4747951e-06 
3.2000000e+04 1.4602999e-06 
3.2128000e+04 1.4443621e-06 
3.2256000e+04 1.4668273e-06 
3.2384000e+04 1.4534809e-06 
3.2512000e+04 1.4477073e-06 
3.2640000e+04 1.4444937e-06 
3.2768000e+04 1.4495364e-06 
3.2896000e+04 1.4603207e-06 
3.3024000e+04 1.4601108e-06 
3.3152000e+04 1.4771741e-06 
3.3280000e+04 1.4856320e-06 
3.3408000e+04 1.4784495e-06 
3.3536000e+04 1.4716184e-06 
3.3664000e+04 1.4837736e-06 
3.3792000e+04 1.4643058e-06 
3.3920000e+04 1.4637641e-06 
3.4048000e+04 1.4840457e-06 
3.4176000e+04 1.4714761e-06 
3.4304000e+04 1.4342876e-06 
3.4432000e+04 1.4262833e-06 
3.4560000e+04 1.4392363e-06 
3.4688000e+04 1.4425775e-06 
3.4816000e+04 1.4317922e-06 
3.4944000e+04 1.4427438e-06 
3.5072000e+04 1.4529255e-06 
3.5200000e+04 1.4285291e-06 
3.5328000e+04 1.4035604e-06 
3.5456000e+04 1.4053461e-06 
3.5584000e+04 1.4227829e-06 
3.5712000e+04 1.4183097e-06 
3.5840000e+04 1.3976291e-06 
3.5968000e+04 1.4022019e-06 
3.6096000e+04 1.3953629e-06 
3.6224000e+04 1.3842084e-06 
3.6352000e+04 1.3899668e-06 
3.6480000e+04 1.4131800e-06 
3.6608000e+04 1.4114759e-06 
3.6736000e+04 1.3980128e-06 
3.6864000e+04 1.4020602e-06 
3.6992000e+04 1.4007569e-06 
3.7120000e+04 1.4161561e-06 
3.7248000e+04 1.4150060e-06 
3.7376000e+04 1.4263052e-06 
3.7504000e+04 1.4265934e-06 
3.7632000e+04 1.4049696e-06 
3.7760000e+04 1.4082468e-06 
3.7888000e+04 1.4199597e-06 
3.8016000e+04 1.4025729e-06 
3.8144000e+04 1.4127628e-06 
3.8272000e+04 1.4173212e-06 
3.8400000e+04 1.4206070e-06 
3.8528000e+04 1.4169710e-06 
3.8656000e+04 1.4193768e-06 
3.8784000e+04 1.4444889e-06 
3.8912000e+04 1.4734760e-06 
3.9040000e+04 1.4968706e-06 
3.9168000e+04 1.5417079e-06 
3.9296000e+04 1.5584752e-06 
3.9424000e+04 1.5624450e-06 
3.9552000e+04 1.4930904e-06 
3.9680000e+04 1.5082107e-06 
3.9808000e+04 1.5663887e-06 
3.9936000e+04 1.6452443e-06 
4.0064000e+04 1.6257593e-06 
4.0192000e+04 1.6546136e-06 
4.0320000e+04 1.5769479e-06 
4.0448000e+04 1.4672364e-06 
4.0576000e+04 1.4661864e-06 
4.0704000e+04 1.5549901e-06 
4.0832000e+04 1.5903660e-06 
4.0960000e+04 1.5157608e-06 
4.1088000e+04 1.4300419e-06 
4.1216000e+04 1.4098063e-06 
4.1344000e+04 1.3898278e-06 
4.1472000e+04 1.3843194e-06 
4.1600000e+04 1.3815377e-06 
4.1728000e+04 1.3797141e-06 
4.1856000e+04 1.3789796e-06 
4.1984000e+04 1.3883897e-06 
4.2112000e+04 1.3924581e-06 
4.2240000e+04 1.3855861e-06 
4.2368000e+04 1.4168590e-06 
4.2496000e+04 1.4271183e-06 
4.2624000e+04 1.3861932e-06 
4.2752000e+04 1.3828610e-06 
4.2880000e+04 1.3894953e-06 
4.3008000e+04 1.3893991e-06 
4.3136000e+04 1.3950320e-06 
4.3264000e+04 1.3925086e-06 
4.3392000e+04 1.3725809e-06 
4.3520000e+04 1.3551655e-06 
4.3648000e+04 1.3729864e-06 
4.3776000e+04 1.3769189e-06 
4.3904000e+04 1.3510413e-06 
4.4032000e+04 1.3537616e-06 
4.4160000e+04 1.3602981e-06 
4.4288000e+04 1.3534436e-06 
4.4416000e+04 1.3396703e-06 
4.4544000e+04 1.3626974e-06 
4.4672000e+04 1.3606865e-06 
4.4800000e+04 1.3804460e-06 
4.4928000e+04 1.3829931e-06 
4.5056000e+04 1.3722751e-06 
4.5184000e+04 1.3774270e-06 
4.5312000e+04 1.3717914e-06 
4.5440000e+04 1.3545661e-06 
4.5568000e+04 1.3666426e-06 
4.5696000e+04 1.3888013e-06 
4.5824000e+04 1.3847922e-06 
4.5952000e+04 1.3815104e-06 
4.6080000e+04 1.3759790e-06 
4.6208000e+04 1.3818108e-06 
4.6336000e+04 1.3738338e-06 
4.6464000e+04 1.3708113e-06 
4.6592000e+04 1.3874037e-06 
4.6720000e+04 1.3685329e-06 
4.6848000e+04 1.3764610e-06 
4.6976000e+04 1.3926416e-06 
4.7104000e+04 1.3719134e-06 
4.7232000e+04 1.3645929e-06 
4.7360000e+04 1.3760953e-06 
4.7488000e+04 1.3931432e-06 
4.7616000e+04 1.3979085e-06 
4.7744000e+04 1.3884933e-06 
4.7872000e+04 1.3785254e-06 
4.8000000e+04 1.3815195e-06 
4.8128000e+04 1.3744268e-06 
4.8256000e+04 1.3833865e-06 
4.8384000e+04 1.3683828e-06 
4.8512000e+04 1.3637990e-06 
4.8640000e+04 1.3681514e-06 
4.8768000e+04 1.3587456e-06 
4.8896000e+04 1.3648131e-06 
4.9024000e+04 1.3615877e-06 
4.9152000e+04 1.3654532e-06 
4.9280000e+04 1.3685134e-06 
4.9408000e+04 1.3630505e-06 
4.9536000e+04 1.3491291e-06 
4.9664000e+04 1.3589978e-06 
4.9792000e+04 1.3793673e-06 
4.9920000e+04 1.3717779e-06 
5.0048000e+04 1.3588397e-06 
5.0176000e+04 1.3630879e-06 
5.0304000e+04 1.3668406e-06 
5.0432000e+04 1.3589724e-06 
5.0560000e+04 1.3537423e-06 
5.0688000e+04 1.3715234e-06 
5.0816000e+04 1.3844532e-06 
5.0944000e+04 1.3644295e-06 
5.1072000e+04 1.3641690e-06 
5.1200000e+04 1.3660349e-06 
5.1328000e+04 1.3809281e-06 
5.1456000e+04 1.3925697e-06 
5.1584000e+04 1.3896783e-06 
5.1712000e+04 1.3754715e-06 
5.1840000e+04 1.3794596e-06 
5.1968000e+04 1.3701191e-06 
5.2096000e+04 1.3832042e-06 
5.2224000e+04 1.3818744e-06 
5.2352000e+04 1.3702260e-06 
5.2480000e+04 1.3870214e-06 
5.2608000e+04 1.3760061e-06 
5.2736000e+04 1.3746139e-06 
5.2864000e+04 1.3678030e-06 
5.2992000e+04 1.3610720e-06 
5.3120000e+04 1.3662240e-06 
5.3248000e+04 1.3934950e-06 
5.3376000e+04 1.3921676e-06 
5.3504000e+04 1.3897165e-06 
5.3632000e+04 1.4027331e-06 
5.3760000e+04 1.4044499e-06 
5.3888000e+04 1.3893321e-06 
5.4016000e+04 1.3829962e-06 
5.4144000e+04 1.3755424e-06 
5.4272000e+04 1.3853884e-06 
5.4400000e+04 1.3968175e-06 
5.4528000e+04 1.3888562e-06 
5.4656000e+04 1.3921524e-06 
5.4784000e+04 1.3685991e-06 
5.4912000e+04 1.3785436e-06 
5.5040000e+04 1.3789493e-06 
5.5168000e+04 1.3903850e-06 
5.5296000e+04 1.3940275e-06 
5.5424000e+04 1.3938899e-06 
5.5552000e+04 1.3990647e-06 
5.5680000e+04 1.3944915e-06 
5.5808000e+04 1.3944945e-06 
5.5936000e+04 1.3939190e-06 
5.6064000e+04 1.3851435e-06 
5.6192000e+04 1.3773212e-06 
5.6320000e+04 1.3739500e-06 
5.6448000e+04 1.3977227e-06 
5.6576000e+04 1.3810220e-06 
5.6704000e+04 1.3776508e-06 
5.6832000e+04 1.4085747e-06 
5.6960000e+04 1.4073024e-06 
5.7088000e+04 1.4049172e-06 
5.7216000e+04 1.3943888e-06 
5.7344000e+04 1.3884720e-06 
5.7472000e+04 1.3959421e-06 
5.7600000e+04 1.3805081e-06 
5.7728000e+04 1.3846873e-06 
5.7856000e+04 1.4110420e-06 
5.7984000e+04 1.3898889e-06 
5.8112000e+04 1.3919461e-06 
5.8240000e+04 1.3827350e-06 
5.8368000e+04 1.3826667e-06 
5.8496000e+04 1.3858812e-06 
5.8624000e+04 1.4228235e-06 
5.8752000e+04 1.5667638e-06 
5.8880000e+04 1.4582315e-06 
5.9008000e+04 1.4018601e-06 
5.9136000e+04 1.4048524e-06 
5.9264000e+04 1.4152592e-06 
5.9392000e+04 1.3951914e-06 
5.9520000e+04 1.3968437e-06 
5.9648000e+04 1.3839683e-06 
5.9776000e+04 1.3888455e-06 
5.9904000e+04 1.4752826e-06 
6.0032000e+04 1.4831417e-06 
6.0160000e+04 1.4010046e-06 
6.0288000e+04 1.3958440e-06 
6.0416000e+04 1.4189155e-06 
6.0544000e+04 1.3976153e-06 
6.0672000e+04 1.3942220e-06 
6.0800000e+04 1.3924566e-06 
6.0928000e+04 1.4051470e-06 
6.1056000e+04 1.4071309e-06 
6.1184000e+04 1.3892619e-06 
6.1312000e+04 1.4017309e-06 
6.1440000e+04 1.4202154e-06 
6.1568000e+04 1.4122851e-06 
6.1696000e+04 1.4248761e-06 
6.1824000e+04 1.4310723e-06 
6.1952000e+04 1.4094348e-06 
6.2080000e+04 1.4042139e-06 
6.2208000e+04 1.4365507e-06 
6.2336000e+04 1.4345333e-06 
6.2464000e+04 1.4256915e-06 
6.2592000e+04 1.4333068e-06 
6.2720000e+04 1.4272985e-06 
6.2848000e+04 1.4370004e-06 
6.2976000e+04 1.4489016e-06 
6.3104000e+04 1.4455662e-06 
6.3232000e+04 1.4763164e-06 
6.3360000e+04 1.5343604e-06 
6.3488000e+04 1.4962725e-06 
6.3616000e+04 1.4474832e-06 
6.3744000e+04 1.4534058e-06 
6.3872000e+04 1.4907120e-06 
6.4000000e+04 1.5463615e-06 
6.4128000e+04 1.5103799e-06 
6.4256000e+04 1.5058231e-06 
6.4384000e+04 1.5758937e-06 
6.4512000e+04 1.7227538e-06 
6.4640000e+04 1.8777871e-06 
6.4768000e+04 2.0398397e-06 
6.4896000e+04 2.0532229e-06 
6.5024000e+04 1.8811508e-06 
6.5152000e+04 1.6775359e-06 
6.5280000e+04 1.5581553e-06 
6.5408000e+04 1.5088401e-06 
6.5536000e+04 1.5090754e-06 
6.5664000e+04 1.5098261e-06 
6.5792000e+04 1.5095278e-06 
6.5920000e+04 1.5180842e-06 
6.6048000e+04 1.4987849e-06 
6.6176000e+04 1.4827151e-06 
6.6304000e+04 1.4810424e-06 
6.6432000e+04 1.4879696e-06 
6.6560000e+04 1.4761932e-06 
6.6688000e+04 1.4833093e-06 
6.6816000e+04 1.4764606e-06 
6.6944000e+04 1.4588480e-06 
6.7072000e+04 1.4812766e-06 
6.7200000e+04 1.4822707e-06 
6.7328000e+04 1.4722017e-06 
6.7456000e+04 1.4543619e-06 
6.7584000e+04 1.4696323e-06 
6.7712000e+04 1.4710917e-06 
6.7840000e+04 1.4869325e-06 
6.7968000e+04 1.5016542e-06 
6.8096000e+04 1.5316321e-06 
6.8224000e+04 1.5148225e-06 
6.8352000e+04 1.4823098e-06 
6.8480000e+04 1.4863205e-06 
6.8608000e+04 1.4947290e-06 
6.8736000e+04 1.4778782e-06 
6.8864000e+04 1.4959636e-06 
6.8992000e+04 1.4993050e-06 
6.9120000e+04 1.5227802e-06 
6.9248000e+04 1.5799443e-06 
6.9376000e+04 1.5677153e-06 
6.9504000e+04 1.5262568e-06 
6.9632000e+04 1.5118749e-06 
6.9760000e+04 1.5150055e-06 
6.9888000e+04 1.5056611e-06 
7.0016000e+04 1.5069064e-06 
7.0144000e+04 1.5016032e-06 
7.0272000e+04 1.5001974e-06 
7.0400000e+04 1.5190797e-06 
7.0528000e+04 1.5424106e-06 
7.0656000e+04 1.5325842e-06 
7.0784000e+04 1.5544882e-06 
7.0912000e+04 1.5508180e-06 
7.1040000e+04 1.5429373e-06 
7.1168000e+04 1.5521790e-06 
7.1296000e+04 1.5588398e-06 
7.1424000e+04 1.5599355e-06 
7.1552000e+04 1.5703217e-06 
7.1680000e+04 1.5731933e-06 
7.1808000e+04 1.5796460e-06 
7.1936000e+04 1.6527906e-06 
7.2064000e+04 1.6493789e-06 
7.2192000e+04 1.6029828e-06 
7.2320000e+04 1.6011026e-06 
7.2448000e+04 1.6139020e-06 
7.2576000e+04 1.6439694e-06 
7.2704000e+04 1.6743029e-06 
7.2832000e+04 1.7102849e-06 
7.2960000e+04 1.7153174e-06 
7.3088000e+04 1.6585842e-06 
7.3216000e+04 1.6344917e-06 
7.3344000e+04 1.6286339e-06 
7.3472000e+04 1.6439405e-06 
7.3600000e+04 1.6261216e-06 
7.3728000e+04 1.6359082e-06 
7.3856000e+04 1.7299756e-06 
7.3984000e+04 1.8743863e-06 
7.4112000e+04 1.8282451e-06 
7.4240000e+04 1.7078643e-06 
7.4368000e+04 1.6670408e-06 
7.4496000e+04 1.6701279e-06 
7.4624000e+04 1.6781513e-06 
7.4752000e+04 1.6785438e-06 
7.4880000e+04 1.6771143e-06 
7.5008000e+04 1.6832980e-06 
7.5136000e+04 1.6724583e-06 
7.5264000e+04 1.6939271e-06 
7.5392000e+04 1.7069287e-06 
7.5520000e+04 1.6821525e-06 
7.5648000e+04 1.6853414e-06 
7.5776000e+04 1.7054208e-06 
7.5904000e+04 1.7099226e-06 
7.6032000e+04 1.6765343e-06 
7.6160000e+04 1.6706927e-06 
7.6288000e+04 1.6904230e-06 
7.6416000e+04 1.6922893e-06 
7.6544000e+04 1.7458667e-06 
7.6672000e+04 1.7959368e-06 
7.6800000e+04 1.8173317e-06 
7.6928000e+04 1.8122727e-06 
7.7056000e+04 1.7642634e-06 
7.7184000e+04 1.7357290e-06 
7.7312000e+04 1.7471937e-06 
7.7440000e+04 1.7411728e-06 
7.7568000e+04 1.7331372e-06 
7.7696000e+04 1.7371093e-06 
7.7824000e+04 1.7358891e-06 
7.7952000e+04 1.7345079e-06 
7.8080000e+04 1.7359520e-06 
7.8208000e+04 1.7737574e-06 
7.8336000e+04 1.9676017e-06 
7.8464000e+04 1.8511994e-06 
7.8592000e+04 1.7801899e-06 
7.8720000e+04 1.7904850e-06 
7.8848000e+04 1.7859261e-06 
7.8976000e+04 1.8547149e-06 
7.9104000e+04 1.8843714e-06 
7.9232000e+04 1.8078349e-06 
7.9360000e+04 1.7968047e-06 
7.9488000e+04 1.8176530e-06 
7.9616000e+04 1.8414223e-06 
7.9744000e+04 1.8186092e-06 
7.9872000e+04 1.9003115e-06 
8.0000000e+04 2.0646119e-06 
8.0128000e+04 1.8930270e-06 
8.0256000e+04 1.8299963e-06 
8.0384000e+04 1.8719923e-06 
8.0512000e+04 1.9265171e-06 
8.0640000e+04 2.3516500e-06 
8.0768000e+04 3.5359978e-06 
8.0896000e+04 3.0325282e-06 
8.1024000e+04 2.1363942e-06 
8.1152000e+04 1.9747374e-06 
8.1280000e+04 1.9199838e-06 
8.1408000e+04 2.0574632e-06 
8.1536000e+04 2.1148160e-06 
8.1664000e+04 1.9243714e-06 
8.1792000e+04 1.9166473e-06 
8.1920000e+04 1.9122017e-06 
8.2048000e+04 1.9090048e-06 
8.2176000e+04 1.9189806e-06 
8.2304000e+04 1.9284303e-06 
8.2432000e+04 1.9424022e-06 
8.2560000e+04 1.9485988e-06 
8.2688000e+04 1.9558781e-06 
8.2816000e+04 1.9444312e-06 
8.2944000e+04 1.9450526e-06 
8.3072000e+04 1.9651341e-06 
8.3200000e+04 1.9693287e-06 
8.3328000e+04 1.9568963e-06 
8.3456000e+04 1.9918946e-06 
8.3584000e+04 1.9960125e-06 
8.3712000e+04 2.0050270e-06 
8.3840000e+04 2.0196669e-06 
8.3968000e+04 2.0218101e-06 
8.4096000e+04 1.9970078e-06 
8.4224000e+04 2.0196314e-06 
8.4352000e+04 2.0149912e-06 
8.4480000e+04 2.0113505e-06 
8.4608000e+04 2.0398554e-06 
8.4736000e+04 2.0245780e-06 
8.4864000e+04 2.0375298e-06 
8.4992000e+04 2.0578789e-06 
8.5120000e+04 2.0461137e-06 
8.5248000e+04 2.0665668e-06 
8.5376000e+04 2.0871441e-06 
8.5504000e+04 2.0891341e-06 
8.5632000e+04 2.1303276e-06 
8.5760000e+04 2.1534659e-06 
8.5888000e+04 2.1710409e-06 
8.6016000e+04 2.1884950e-06 
8.6144000e+04 2.1725957e-06 
8.6272000e+04 2.1767719e-06 
8.6400000e+04 2.1914839e-06 
8.6528000e+04 2.1972423e-06 
8.6656000e+04 2.1970541e-06 
8.6784000e+04 2.1977271e-06 
8.6912000e+04 2.2208001e-06 
8.7040000e+04 2.2265815e-06 
8.7168000e+04 2.2534011e-06 
8.7296000e+04 2.2621716e-06 
8.7424000e+04 2.2698446e-06 
8.7552000e+04 2.3576195e-06 
8.7680000e+04 2.3887201e-06 
8.7808000e+04 2.4386707e-06 
8.7936000e+04 2.8391162e-06 
8.8064000e+04 2.8220170e-06 
8.8192000e+04 2.6423038e-06 
8.8320000e+04 2.5204649e-06 
8.8448000e+04 2.3717851e-06 
8.8576000e+04 2.4113795e-06 
8.8704000e+04 2.3881823e-06 
8.8832000e+04 2.3671596e-06 
8.8960000e+04 2.3901262e-06 
8.9088000e+04 2.3559842e-06 
8.9216000e+04 2.3834621e-06 
8.9344000e+04 2.4312571e-06 
8.9472000e+04 2.4176916e-06 
8.9600000e+04 2.4117846e-06 
8.9728000e+04 2.4402671e-06 
8.9856000e+04 2.5525587e-06 
8.9984000e+04 2.8482332e-06 
9.0112000e+04 2.9548457e-06 
9.0240000e+04 3.0163364e-06 
9.0368000e+04 2.9603173e-06 
9.0496000e+04 2.9165858e-06 
9.0624000e+04 3.0126494e-06 
9.0752000e+04 3.0687322e-06 
9.0880000e+04 2.9537655e-06 
9.1008000e+04 2.6872551e-06 
9.1136000e+04 2.5873783e-06 
9.1264000e+04 2.6022842e-06 
9.1392000e+04 2.5892539e-06 
9.1520000e+04 2.6616642e-06 
9.1648000e+04 2.6815489e-06 
9.1776000e+04 2.6439841e-06 
9.1904000e+04 2.6542225e-06 
9.2032000e+04 2.6638832e-06 
9.2160000e+04 2.6777243e-06 
9.2288000e+04 2.6748532e-06 
9.2416000e+04 2.6860898e-06 
9.2544000e+04 2.6800626e-06 
9.2672000e+04 2.7056758e-06 
9.2800000e+04 2.7916249e-06 
9.2928000e+04 2.8424724e-06 
9.3056000e+04 2.8426502e-06 
9.3184000e+04 2.9274295e-06 
9.3312000e+04 3.1603513e-06 
9.3440000e+04 3.6883212e-06 
9.3568000e+04 4.4690100e-06 
9.3696000e+04 4.9235614e-06 
9.3824000e+04 5.2876453e-06 
9.3952000e+04 5.0509707e-06 
9.4080000e+04 4.1308031e-06 
9.4208000e+04 3.5070495e-06 
9.4336000e+04 3.5139219e-06 
9.4464000e+04 3.7699403e-06 
9.4592000e+04 4.4976296e-06 
9.4720000e+04 5.7645834e-06 
9.4848000e+04 7.6460592e-06 
9.4976000e+04 9.3581702e-06 
9.5104000e+04 9.2456130e-06 
9.5232000e+04 8.4991807e-06 
9.5360000e+04 1.0128078e-05 
9.5488000e+04 1.1317637e-05 
9.5616000e+04 1.0201794e-05 
9.5744000e+04 8.7616891e-06 
9.5872000e+04 8.7503067e-06 
9.6000000e+04 9.7336242e-06 
9.6128000e+04 9.0446711e-06 
9.6256000e+04 9.2690307e-06 
9.6384000e+04 1.0863285e-05 
9.6512000e+04 1.4765417e-05 
9.6640000e+04 1.7679828e-05 
9.6768000e+04 1.6920163e-05 
9.6896000e+04 1.5321904e-05 
9.7024000e+04 1.3912401e-05 
9.7152000e+04 1.1740702e-05 
9.7280000e+04 9.1669617e-06 
9.7408000e+04 6.9268631e-06 
9.7536000e+04 6.4426408e-06 
9.7664000e+04 1.0882815e-05 
9.7792000e+04 1.7744858e-05 
9.7920000e+04 2.1719421e-05 
9.8048000e+04 1.8231616e-05 
9.8176000e+04 8.4507292e-06 
9.8304000e+04 6.1080423e-06 
9.8432000e+04 6.7133547e-06 
9.8560000e+04 6.8609584e-06 
9.8688000e+04 5.8139785e-06 
9.8816000e+04 5.0726180e-06 
9.8944000e+04 4.5112797e-06 
9.9072000e+04 3.9000670e-06 
9.9200000e+04 3.6573829e-06 
9.9328000e+04 3.6964170e-06 
9.9456000e+04 3.8380635e-06 
9.9584000e+04 3.8964463e-06 
9.9712000e+04 3.9659540e-06 
9.9840000e+04 4.3155628e-06 
9.9968000e+04 4.4979356e-06 
1.0009600e+05 4.1775083e-06 
1.0022400e+05 3.9506472e-06 
1.0035200e+05 3.7498444e-06 
1.0048000e+05 3.7587108e-06 
1.0060800e+05 3.6756271e-06 
1.0073600e+05 3.6849494e-06 
1.0086400e+05 3.7340717e-06 
1.0099200e+05 3.7968332e-06 
1.0112000e+05 3.9925176e-06 
1.0124800e+05 4.4657922e-06 
1.0137600e+05 4.9848090e-06 
1.0150400e+05 4.8230099e-06 
1.0163200e+05 4.3725104e-06 
1.0176000e+05 4.1623539e-06 
1.0188800e+05 4.3698324e-06 
1.0201600e+05 4.8249376e-06 
1.0214400e+05 4.8040893e-06 
1.0227200e+05 5.1275615e-06 
1.0240000e+05 6.8329250e-06 
