0.0000000e+00 7.2343705e-06 
1.2800000e+02 2.5626766e-06 
2.5600000e+02 4.1418119e-07 
3.8400000e+02 1.6181835e-07 
5.1200000e+02 1.0679106e-07 
6.4000000e+02 4.8462066e-08 
7.6800000e+02 4.2649720e-08 
8.9600000e+02 2.0241378e-08 
1.0240000e+03 1.7177637e-09 
1.1520000e+03 6.1991573e-10 
1.2800000e+03 7.0071589e-09 
1.4080000e+03 4.9371542e-09 
1.5360000e+03 1.3330149e-09 
1.6640000e+03 1.2460768e-09 
1.7920000e+03 1.5207517e-09 
1.9200000e+03 9.6844388e-10 
2.0480000e+03 1.6100472e-09 
2.1760000e+03 1.2881213e-09 
2.3040000e+03 6.3916017e-10 
2.4320000e+03 6.5955508e-10 
2.5600000e+03 3.3873979e-10 
2.6880000e+03 1.8987766e-10 
2.8160000e+03 2.7756097e-10 
2.9440000e+03 2.9868016e-10 
3.0720000e+03 4.1147968e-10 
3.2000000e+03 2.4029775e-10 
3.3280000e+03 2.4869393e-10 
3.4560000e+03 1.1336839e-09 
3.5840000e+03 2.1974570e-07 
3.7120000e+03 5.5677458e-07 
3.8400000e+03 8.6475573e-08 
3.9680000e+03 7.0838024e-10 
4.0960000e+03 3.3875913e-10 
4.2240000e+03 1.8498462e-10 
4.3520000e+03 2.5650834e-10 
4.4800000e+03 2.3396460e-10 
4.6080000e+03 1.7057991e-10 
4.7360000e+03 1.5409346e-10 
4.8640000e+03 2.2838940e-10 
4.9920000e+03 2.8062280e-10 
5.1200000e+03 2.2467407e-10 
5.2480000e+03 1.1769057e-10 
5.3760000e+03 7.7897473e-11 
5.5040000e+03 1.1978581e-10 
5.6320000e+03 1.7369911e-10 
5.7600000e+03 2.0794494e-10 
5.8880000e+03 1.8919923e-10 
6.0160000e+03 1.5384799e-10 
6.1440000e+03 6.5613862e-11 
6.2720000e+03 4.3275862e-11 
6.4000000e+03 5.2723697e-11 
6.5280000e+03 7.4957318e-11 
6.6560000e+03 5.0781736e-11 
6.7840000e+03 4.0288467e-11 
6.9120000e+03 5.3856294e-11 
7.0400000e+03 6.8901732e-11 
7.1680000e+03 4.8521590e-11 
7.2960000e+03 4.4271076e-11 
7.4240000e+03 8.5536189e-11 
7.5520000e+03 8.4853909e-11 
7.6800000e+03 5.0969201e-11 
7.8080000e+03 4.6472833e-11 
7.9360000e+03 1.5035383e-10 
8.0640000e+03 1.4840278e-10 
8.1920000e+03 4.6054886e-11 
8.3200000e+03 3.9198662e-11 
8.4480000e+03 4.9112027e-11 
8.5760000e+03 5.0566419e-11 
8.7040000e+03 4.3669353e-11 
8.8320000e+03 4.6002632e-11 
8.9600000e+03 5.2577557e-11 
9.0880000e+03 5.2649187e-11 
9.2160000e+03 4.8592817e-11 
9.3440000e+03 4.2157153e-11 
9.4720000e+03 5.4725256e-11 
9.6000000e+03 4.0570429e-11 
9.7280000e+03 3.1614374e-11 
9.8560000e+03 9.6933107e-11 
9.9840000e+03 1.8315843e-10 
1.0112000e+04 6.2401993e-11 
1.0240000e+04 3.5684747e-11 
1.0368000e+04 3.7845761e-11 
1.0496000e+04 4.1256904e-11 
1.0624000e+04 4.8455892e-11 
1.0752000e+04 6.3619575e-11 
1.0880000e+04 4.7399692e-11 
1.1008000e+04 4.9971222e-11 
1.1136000e+04 4.7480010e-11 
1.1264000e+04 4.4866603e-11 
1.1392000e+04 4.2267734e-11 
1.1520000e+04 7.2079842e-11 
1.1648000e+04 1.3513944e-10 
1.1776000e+04 1.9080178e-10 
1.1904000e+04 1.2948397e-10 
1.2032000e+04 7.3088924e-11 
1.2160000e+04 6.5704553e-11 
1.2288000e+04 4.5837261e-11 
1.2416000e+04 4.6425506e-11 
1.2544000e+04 3.6751269e-11 
1.2672000e+04 2.8357205e-11 
1.2800000e+04 3.5315553e-11 
1.2928000e+04 3.3118529e-11 
1.3056000e+04 3.1023760e-11 
1.3184000e+04 3.0648362e-11 
1.3312000e+04 3.0716076e-11 
1.3440000e+04 3.6350121e-11 
1.3568000e+04 3.3322348e-11 
1.3696000e+04 2.6609425e-11 
1.3824000e+04 3.3276500e-11 
1.3952000e+04 3.3807769e-11 
1.4080000e+04 3.4101763e-11 
1.4208000e+04 3.3621127e-11 
1.4336000e+04 3.2942132e-11 
1.4464000e+04 2.9687020e-11 
1.4592000e+04 2.6042564e-11 
1.4720000e+04 2.1302808e-11 
1.4848000e+04 2.4848703e-11 
1.4976000e+04 3.4162548e-11 
1.5104000e+04 2.9293106e-09 
1.5232000e+04 1.3980972e-08 
1.5360000e+04 4.1925707e-09 
1.5488000e+04 3.6201080e-11 
1.5616000e+04 4.1329808e-11 
1.5744000e+04 4.4480777e-11 
1.5872000e+04 7.2573780e-11 
1.6000000e+04 1.5168897e-10 
1.6128000e+04 6.3409673e-11 
1.6256000e+04 3.0994141e-11 
1.6384000e+04 3.3738720e-11 
1.6512000e+04 3.6182324e-11 
1.6640000e+04 3.6349482e-11 
1.6768000e+04 3.5389535e-11 
1.6896000e+04 3.5861810e-11 
1.7024000e+04 3.6640309e-11 
1.7152000e+04 3.4591319e-11 
1.7280000e+04 3.3506298e-11 
1.7408000e+04 3.5568180e-11 
1.7536000e+04 3.8383418e-11 
1.7664000e+04 3.0572607e-11 
1.7792000e+04 2.8673923e-11 
1.7920000e+04 3.1815155e-11 
1.8048000e+04 3.4985039e-11 
1.8176000e+04 3.5657172e-11 
1.8304000e+04 3.1761826e-11 
1.8432000e+04 3.6614892e-11 
1.8560000e+04 3.4083496e-11 
1.8688000e+04 2.9561468e-11 
1.8816000e+04 3.1120582e-11 
1.8944000e+04 3.1062139e-11 
1.9072000e+04 2.8023302e-11 
1.9200000e+04 2.8164637e-11 
1.9328000e+04 3.0144227e-11 
1.9456000e+04 2.1127411e-11 
1.9584000e+04 5.1327491e-11 
1.9712000e+04 1.9330940e-11 
1.9840000e+04 2.9570364e-11 
1.9968000e+04 3.2415994e-11 
2.0096000e+04 2.9531558e-11 
2.0224000e+04 2.8157032e-11 
2.0352000e+04 3.1114500e-11 
2.0480000e+04 3.1158808e-11 
2.0608000e+04 3.1217431e-11 
2.0736000e+04 2.6739812e-11 
2.0864000e+04 2.8944304e-11 
2.0992000e+04 3.0103614e-11 
2.1120000e+04 3.0239700e-11 
2.1248000e+04 2.9156989e-11 
2.1376000e+04 2.7172089e-11 
2.1504000e+04 2.7437224e-11 
2.1632000e+04 2.7142332e-11 
2.1760000e+04 2.7303855e-11 
2.1888000e+04 2.6074953e-11 
2.2016000e+04 2.6461187e-11 
2.2144000e+04 2.7464834e-11 
2.2272000e+04 2.7409524e-11 
2.2400000e+04 3.0731119e-11 
2.2528000e+04 3.1403758e-11 
2.2656000e+04 2.8005339e-11 
2.2784000e+04 2.6611645e-11 
2.2912000e+04 2.6664114e-11 
2.3040000e+04 2.6336900e-11 
2.3168000e+04 2.7192743e-11 
2.3296000e+04 2.8761200e-11 
2.3424000e+04 2.7342255e-11 
2.3552000e+04 2.7477080e-11 
2.3680000e+04 2.7266828e-11 
2.3808000e+04 2.7865720e-11 
2.3936000e+04 5.6270696e-11 
2.4064000e+04 5.5198967e-11 
2.4192000e+04 2.6381817e-11 
2.4320000e+04 2.6264591e-11 
2.4448000e+04 2.6291597e-11 
2.4576000e+04 2.5845560e-11 
2.4704000e+04 2.2117067e-11 
2.4832000e+04 2.0499748e-11 
2.4960000e+04 2.4843901e-11 
2.5088000e+04 1.4551398e-11 
2.5216000e+04 1.8968011e-11 
2.5344000e+04 2.5116416e-11 
2.5472000e+04 2.0050005e-11 
2.5600000e+04 1.9724057e-11 
2.5728000e+04 2.4076097e-11 
2.5856000e+04 2.2755339e-11 
2.5984000e+04 2.1179249e-11 
2.6112000e+04 2.1178505e-11 
2.6240000e+04 2.0918425e-11 
2.6368000e+04 1.9999700e-11 
2.6496000e+04 1.8588126e-11 
2.6624000e+04 1.0912058e-11 
2.6752000e+04 2.8293201e-11 
2.6880000e+04 1.0325119e-10 
2.7008000e+04 8.6134821e-11 
2.7136000e+04 1.6651036e-11 
2.7264000e+04 1.4173243e-11 
2.7392000e+04 1.7215059e-11 
2.7520000e+04 1.6780242e-11 
2.7648000e+04 1.0100615e-11 
2.7776000e+04 4.4304821e-10 
2.7904000e+04 5.0285270e-10 
2.8032000e+04 1.7518653e-11 
2.8160000e+04 1.9010587e-11 
2.8288000e+04 2.0632794e-11 
2.8416000e+04 2.1801084e-11 
2.8544000e+04 2.2884071e-11 
2.8672000e+04 2.0378118e-11 
2.8800000e+04 2.1255147e-11 
2.8928000e+04 2.2624649e-11 
2.9056000e+04 2.1223245e-11 
2.9184000e+04 2.2412268e-11 
2.9312000e+04 2.1490655e-11 
2.9440000e+04 2.0466058e-11 
2.9568000e+04 2.2409954e-11 
2.9696000e+04 2.2950601e-11 
2.9824000e+04 2.2988229e-11 
2.9952000e+04 2.3896905e-11 
3.0080000e+04 2.1751496e-11 
3.0208000e+04 2.0048949e-11 
3.0336000e+04 1.9855470e-11 
3.0464000e+04 1.9128926e-11 
3.0592000e+04 1.7350012e-11 
3.0720000e+04 1.5592781e-11 
3.0848000e+04 1.3156219e-11 
3.0976000e+04 1.1610879e-11 
3.1104000e+04 1.4361754e-11 
3.1232000e+04 1.3592246e-11 
3.1360000e+04 1.6298216e-11 
3.1488000e+04 1.7727935e-11 
3.1616000e+04 1.8573722e-11 
3.1744000e+04 1.9089357e-11 
3.1872000e+04 2.1940939e-11 
3.2000000e+04 3.1365920e-11 
3.2128000e+04 2.1811953e-11 
3.2256000e+04 1.8792969e-11 
3.2384000e+04 1.8761178e-11 
3.2512000e+04 1.8364010e-11 
3.2640000e+04 1.7807568e-11 
3.2768000e+04 1.5337103e-11 
3.2896000e+04 1.7093838e-11 
3.3024000e+04 1.7370178e-11 
3.3152000e+04 1.8556885e-11 
3.3280000e+04 1.9543841e-11 
3.3408000e+04 2.0371316e-11 
3.3536000e+04 1.8831884e-11 
3.3664000e+04 1.8264515e-11 
3.3792000e+04 1.7851536e-11 
3.3920000e+04 1.8262189e-11 
3.4048000e+04 2.0783491e-11 
3.4176000e+04 1.9611250e-11 
3.4304000e+04 1.6815689e-11 
3.4432000e+04 1.5286265e-11 
3.4560000e+04 1.5763507e-11 
3.4688000e+04 1.6895008e-11 
3.4816000e+04 1.7142706e-11 
3.4944000e+04 1.6809819e-11 
3.5072000e+04 1.5127849e-11 
3.5200000e+04 1.4487281e-11 
3.5328000e+04 1.4733190e-11 
3.5456000e+04 1.4454456e-11 
3.5584000e+04 1.6859725e-11 
3.5712000e+04 1.6894378e-11 
3.5840000e+04 1.5993842e-11 
3.5968000e+04 1.5841618e-11 
3.6096000e+04 1.3887677e-11 
3.6224000e+04 1.3692785e-11 
3.6352000e+04 1.5291435e-11 
3.6480000e+04 1.4705265e-11 
3.6608000e+04 1.4985084e-11 
3.6736000e+04 1.6076307e-11 
3.6864000e+04 1.6224265e-11 
3.6992000e+04 1.5233821e-11 
3.7120000e+04 1.4536644e-11 
3.7248000e+04 1.3771548e-11 
3.7376000e+04 1.6375238e-11 
3.7504000e+04 1.5073399e-11 
3.7632000e+04 1.3198176e-11 
3.7760000e+04 1.5879128e-11 
3.7888000e+04 1.7237604e-11 
3.8016000e+04 1.4249481e-11 
3.8144000e+04 1.3405973e-11 
3.8272000e+04 1.3244193e-11 
3.8400000e+04 1.3399558e-11 
3.8528000e+04 1.4377468e-11 
3.8656000e+04 1.2648787e-11 
3.8784000e+04 1.1613072e-11 
3.8912000e+04 1.1955141e-11 
3.9040000e+04 1.2891739e-11 
3.9168000e+04 1.9614350e-11 
3.9296000e+04 1.5390137e-11 
3.9424000e+04 1.3834594e-11 
3.9552000e+04 1.1940292e-11 
3.9680000e+04 1.3908675e-11 
3.9808000e+04 1.1451458e-11 
3.9936000e+04 9.9488126e-12 
4.0064000e+04 9.0075369e-12 
4.0192000e+04 1.0110245e-11 
4.0320000e+04 1.0633943e-11 
4.0448000e+04 1.0808130e-11 
4.0576000e+04 9.6474001e-12 
4.0704000e+04 9.9609453e-12 
4.0832000e+04 1.1808276e-11 
4.0960000e+04 1.2478347e-11 
4.1088000e+04 1.0879996e-11 
4.1216000e+04 1.1018388e-11 
4.1344000e+04 1.0546016e-11 
4.1472000e+04 1.1817951e-11 
4.1600000e+04 1.0087759e-11 
4.1728000e+04 1.0370473e-11 
4.1856000e+04 1.1887079e-11 
4.1984000e+04 1.0729737e-11 
4.2112000e+04 9.9307186e-12 
4.2240000e+04 1.1003446e-11 
4.2368000e+04 2.1676683e-11 
4.2496000e+04 3.1876835e-11 
4.2624000e+04 1.8210289e-11 
4.2752000e+04 9.7702003e-12 
4.2880000e+04 1.0243727e-11 
4.3008000e+04 1.0266494e-11 
4.3136000e+04 9.9948626e-12 
4.3264000e+04 1.0302696e-11 
4.3392000e+04 9.1977823e-12 
4.3520000e+04 7.7163701e-12 
4.3648000e+04 8.8491454e-12 
4.3776000e+04 8.7091306e-12 
4.3904000e+04 7.5189429e-12 
4.4032000e+04 7.7858995e-12 
4.4160000e+04 7.9153810e-12 
4.4288000e+04 7.6648115e-12 
4.4416000e+04 6.9532505e-12 
4.4544000e+04 7.3548259e-12 
4.4672000e+04 7.4902194e-12 
4.4800000e+04 8.2173539e-12 
4.4928000e+04 8.6789465e-12 
4.5056000e+04 8.0433594e-12 
4.5184000e+04 7.2527899e-12 
4.5312000e+04 7.3820412e-12 
4.5440000e+04 7.3753165e-12 
4.5568000e+04 7.2998612e-12 
4.5696000e+04 6.0201566e-12 
4.5824000e+04 4.8556124e-12 
4.5952000e+04 5.5781781e-12 
4.6080000e+04 7.3052658e-12 
4.6208000e+04 7.2181215e-12 
4.6336000e+04 6.5719275e-12 
4.6464000e+04 6.8286275e-12 
4.6592000e+04 6.8304871e-12 
4.6720000e+04 5.1862481e-12 
4.6848000e+04 5.9527197e-12 
4.6976000e+04 6.3369722e-12 
4.7104000e+04 6.4049634e-12 
4.7232000e+04 5.1792828e-12 
4.7360000e+04 4.1135862e-12 
4.7488000e+04 4.9310755e-12 
4.7616000e+04 4.7483870e-12 
4.7744000e+04 3.7254310e-12 
4.7872000e+04 3.7967290e-12 
4.8000000e+04 7.8025355e-12 
4.8128000e+04 4.2323276e-12 
4.8256000e+04 4.4719844e-12 
4.8384000e+04 3.5551000e-12 
4.8512000e+04 4.0642476e-12 
4.8640000e+04 3.8862347e-12 
4.8768000e+04 2.0907542e-12 
4.8896000e+04 4.0407725e-12 
4.9024000e+04 4.7224737e-12 
4.9152000e+04 3.0197960e-12 
4.9280000e+04 2.5213896e-12 
4.9408000e+04 3.4403981e-12 
4.9536000e+04 2.6395086e-12 
4.9664000e+04 2.8638118e-12 
4.9792000e+04 4.4476870e-12 
4.9920000e+04 2.3174342e-12 
5.0048000e+04 1.3431520e-12 
5.0176000e+04 2.8582831e-12 
5.0304000e+04 1.9269402e-12 
5.0432000e+04 2.5232394e-12 
5.0560000e+04 2.0110415e-12 
5.0688000e+04 2.4908743e-12 
5.0816000e+04 2.5883898e-12 
5.0944000e+04 1.7829755e-12 
5.1072000e+04 2.1938673e-12 
5.1200000e+04 2.5020357e-12 
5.1328000e+04 2.1696969e-12 
5.1456000e+04 2.9882581e-12 
5.1584000e+04 2.6861399e-12 
5.1712000e+04 2.5202603e-12 
5.1840000e+04 2.7797270e-12 
5.1968000e+04 2.9893737e-12 
5.2096000e+04 3.4845499e-12 
5.2224000e+04 2.0909975e-12 
5.2352000e+04 2.6707536e-12 
5.2480000e+04 3.3534048e-12 
5.2608000e+04 3.8972332e-12 
5.2736000e+04 4.7149511e-12 
5.2864000e+04 4.2381498e-12 
5.2992000e+04 3.3998206e-12 
5.3120000e+04 3.8053931e-12 
5.3248000e+04 4.1036168e-12 
5.3376000e+04 4.2677450e-12 
5.3504000e+04 5.0947267e-12 
5.3632000e+04 5.9042519e-12 
5.3760000e+04 5.0517919e-12 
5.3888000e+04 4.3934344e-12 
5.4016000e+04 5.1840962e-12 
5.4144000e+04 5.6684674e-12 
5.4272000e+04 6.8204600e-12 
5.4400000e+04 5.2840991e-12 
5.4528000e+04 4.7354022e-12 
5.4656000e+04 3.9781477e-12 
5.4784000e+04 5.0723783e-12 
5.4912000e+04 6.2254993e-12 
5.5040000e+04 5.9521836e-12 
5.5168000e+04 5.9654256e-12 
5.5296000e+04 6.2283707e-12 
5.5424000e+04 6.7950610e-12 
5.5552000e+04 6.5170013e-12 
5.5680000e+04 5.5807511e-12 
5.5808000e+04 7.4539255e-12 
5.5936000e+04 1.2948482e-11 
5.6064000e+04 1.1304522e-11 
5.6192000e+04 7.5207436e-12 
5.6320000e+04 8.8376684e-12 
5.6448000e+04 9.1995196e-12 
5.6576000e+04 1.1276531e-11 
5.6704000e+04 1.3466458e-11 
5.6832000e+04 1.5932287e-11 
5.6960000e+04 1.2944274e-11 
5.7088000e+04 1.0833888e-11 
5.7216000e+04 9.2703544e-12 
5.7344000e+04 8.6534269e-12 
5.7472000e+04 7.3999756e-12 
5.7600000e+04 7.3099036e-12 
5.7728000e+04 8.0038745e-12 
5.7856000e+04 9.0402330e-12 
5.7984000e+04 7.8544862e-12 
5.8112000e+04 7.4269341e-12 
5.8240000e+04 7.0677986e-12 
5.8368000e+04 8.4023968e-12 
5.8496000e+04 8.4755579e-12 
5.8624000e+04 7.1171385e-12 
5.8752000e+04 8.0748247e-12 
5.8880000e+04 6.3765035e-12 
5.9008000e+04 8.6839798e-12 
5.9136000e+04 8.5389803e-12 
5.9264000e+04 1.0098685e-11 
5.9392000e+04 9.2607302e-12 
5.9520000e+04 8.6780895e-12 
5.9648000e+04 9.3384935e-12 
5.9776000e+04 8.9442672e-12 
5.9904000e+04 9.4037677e-12 
6.0032000e+04 1.1921349e-11 
6.0160000e+04 1.0794539e-11 
6.0288000e+04 9.8357910e-12 
6.0416000e+04 9.5288421e-12 
6.0544000e+04 9.0535635e-12 
6.0672000e+04 9.9319398e-12 
6.0800000e+04 1.0073768e-11 
6.0928000e+04 1.1077486e-11 
6.1056000e+04 1.1731385e-11 
6.1184000e+04 1.1582181e-11 
6.1312000e+04 1.2655065e-11 
6.1440000e+04 1.3304064e-11 
6.1568000e+04 1.4316570e-11 
6.1696000e+04 1.4779431e-11 
6.1824000e+04 1.4862455e-11 
6.1952000e+04 1.4422971e-11 
6.2080000e+04 1.2804953e-11 
6.2208000e+04 1.4342939e-11 
6.2336000e+04 1.5119810e-11 
6.2464000e+04 1.6110021e-11 
6.2592000e+04 1.7144890e-11 
6.2720000e+04 1.6259395e-11 
6.2848000e+04 1.8650928e-11 
6.2976000e+04 1.9353196e-11 
6.3104000e+04 1.8773500e-11 
6.3232000e+04 2.2204905e-11 
6.3360000e+04 2.6958134e-11 
6.3488000e+04 2.3838310e-11 
6.3616000e+04 1.9633569e-11 
6.3744000e+04 2.0809523e-11 
6.3872000e+04 3.1896302e-11 
6.4000000e+04 4.8620996e-11 
6.4128000e+04 3.6547657e-11 
6.4256000e+04 3.7504579e-11 
6.4384000e+04 5.6518370e-11 
6.4512000e+04 9.7421987e-11 
6.4640000e+04 1.4949916e-10 
6.4768000e+04 2.0434354e-10 
6.4896000e+04 2.0619205e-10 
6.5024000e+04 1.5065656e-10 
6.5152000e+04 8.9592070e-11 
6.5280000e+04 5.4233451e-11 
6.5408000e+04 3.7557655e-11 
6.5536000e+04 3.4192267e-11 
6.5664000e+04 3.2169788e-11 
6.5792000e+04 2.9338230e-11 
6.5920000e+04 2.6272437e-11 
6.6048000e+04 2.4489069e-11 
6.6176000e+04 2.5314421e-11 
6.6304000e+04 2.6823675e-11 
6.6432000e+04 2.5969353e-11 
6.6560000e+04 2.4382395e-11 
6.6688000e+04 2.4047089e-11 
6.6816000e+04 2.3546238e-11 
6.6944000e+04 2.2875481e-11 
6.7072000e+04 2.4231608e-11 
6.7200000e+04 2.4179466e-11 
6.7328000e+04 2.3627142e-11 
6.7456000e+04 2.1826327e-11 
6.7584000e+04 2.4275174e-11 
6.7712000e+04 2.3668944e-11 
6.7840000e+04 2.3180652e-11 
6.7968000e+04 2.5419422e-11 
6.8096000e+04 2.8957973e-11 
6.8224000e+04 2.7789885e-11 
6.8352000e+04 2.4005882e-11 
6.8480000e+04 2.4049781e-11 
6.8608000e+04 2.4851541e-11 
6.8736000e+04 2.4413470e-11 
6.8864000e+04 2.6128372e-11 
6.8992000e+04 2.7715779e-11 
6.9120000e+04 3.3105369e-11 
6.9248000e+04 4.3280803e-11 
6.9376000e+04 3.6747477e-11 
6.9504000e+04 2.8218991e-11 
6.9632000e+04 2.7467971e-11 
6.9760000e+04 2.7104808e-11 
6.9888000e+04 2.7446505e-11 
7.0016000e+04 2.7870248e-11 
7.0144000e+04 2.6053089e-11 
7.0272000e+04 2.6472985e-11 
7.0400000e+04 2.8479143e-11 
7.0528000e+04 2.9841792e-11 
7.0656000e+04 2.8988194e-11 
7.0784000e+04 3.0414046e-11 
7.0912000e+04 2.9691714e-11 
7.1040000e+04 3.0387810e-11 
7.1168000e+04 3.2006876e-11 
7.1296000e+04 3.0249726e-11 
7.1424000e+04 3.0544157e-11 
7.1552000e+04 3.2777614e-11 
7.1680000e+04 3.1568314e-11 
7.1808000e+04 3.2473562e-11 
7.1936000e+04 4.9383577e-11 
7.2064000e+04 4.8806591e-11 
7.2192000e+04 3.5531331e-11 
7.2320000e+04 3.5569585e-11 
7.2448000e+04 3.8084778e-11 
7.2576000e+04 4.4972737e-11 
7.2704000e+04 4.8784733e-11 
7.2832000e+04 5.5558926e-11 
7.2960000e+04 5.4974095e-11 
7.3088000e+04 4.6833031e-11 
7.3216000e+04 4.1808397e-11 
7.3344000e+04 3.9738695e-11 
7.3472000e+04 4.1374213e-11 
7.3600000e+04 4.0835262e-11 
7.3728000e+04 3.9057837e-11 
7.3856000e+04 4.3783522e-11 
7.3984000e+04 6.3101996e-11 
7.4112000e+04 6.1594535e-11 
7.4240000e+04 4.8568920e-11 
7.4368000e+04 4.4548813e-11 
7.4496000e+04 4.3299531e-11 
7.4624000e+04 4.3026558e-11 
7.4752000e+04 4.4471010e-11 
7.4880000e+04 4.5751080e-11 
7.5008000e+04 4.6173971e-11 
7.5136000e+04 4.4884735e-11 
7.5264000e+04 4.5902226e-11 
7.5392000e+04 4.6354705e-11 
7.5520000e+04 4.6205515e-11 
7.5648000e+04 4.6284827e-11 
7.5776000e+04 4.8010835e-11 
7.5904000e+04 4.6888493e-11 
7.6032000e+04 4.5526690e-11 
7.6160000e+04 4.5250109e-11 
7.6288000e+04 4.5142126e-11 
7.6416000e+04 4.6506216e-11 
7.6544000e+04 5.1972496e-11 
7.6672000e+04 5.8254485e-11 
7.6800000e+04 6.2627535e-11 
7.6928000e+04 6.1528435e-11 
7.7056000e+04 5.3829573e-11 
7.7184000e+04 5.0638091e-11 
7.7312000e+04 5.2336233e-11 
7.7440000e+04 5.1856672e-11 
7.7568000e+04 5.0734590e-11 
7.7696000e+04 5.1333125e-11 
7.7824000e+04 5.0958904e-11 
7.7952000e+04 5.2099904e-11 
7.8080000e+04 5.1495141e-11 
7.8208000e+04 5.2408800e-11 
7.8336000e+04 5.7143467e-11 
7.8464000e+04 5.6082944e-11 
7.8592000e+04 5.6734985e-11 
7.8720000e+04 5.6610536e-11 
7.8848000e+04 5.7316894e-11 
7.8976000e+04 6.7089924e-11 
7.9104000e+04 7.0922233e-11 
7.9232000e+04 5.9339131e-11 
7.9360000e+04 5.6886308e-11 
7.9488000e+04 6.0480614e-11 
7.9616000e+04 6.2487557e-11 
7.9744000e+04 5.9758622e-11 
7.9872000e+04 7.2068608e-11 
8.0000000e+04 9.8609856e-11 
8.0128000e+04 6.9818006e-11 
8.0256000e+04 6.3142609e-11 
8.0384000e+04 6.8648767e-11 
8.0512000e+04 7.5664128e-11 
8.0640000e+04 1.2554205e-10 
8.0768000e+04 3.2423256e-10 
8.0896000e+04 2.2872969e-10 
8.1024000e+04 9.6506844e-11 
8.1152000e+04 7.6849339e-11 
8.1280000e+04 7.1868532e-11 
8.1408000e+04 8.7070649e-11 
8.1536000e+04 9.3976570e-11 
8.1664000e+04 7.2224657e-11 
8.1792000e+04 6.9074732e-11 
8.1920000e+04 7.0671621e-11 
8.2048000e+04 7.0524038e-11 
8.2176000e+04 7.0562924e-11 
8.2304000e+04 7.0512887e-11 
8.2432000e+04 7.2125757e-11 
8.2560000e+04 7.3279681e-11 
8.2688000e+04 7.3593333e-11 
8.2816000e+04 7.1247064e-11 
8.2944000e+04 7.2645855e-11 
8.3072000e+04 7.5751079e-11 
8.3200000e+04 7.5422432e-11 
8.3328000e+04 7.5567656e-11 
8.3456000e+04 7.8799328e-11 
8.3584000e+04 7.9297340e-11 
8.3712000e+04 7.8724270e-11 
8.3840000e+04 8.0732289e-11 
8.3968000e+04 8.1607630e-11 
8.4096000e+04 8.0645823e-11 
8.4224000e+04 8.2595056e-11 
8.4352000e+04 8.0871046e-11 
8.4480000e+04 8.0365797e-11 
8.4608000e+04 8.5057808e-11 
8.4736000e+04 8.2995583e-11 
8.4864000e+04 8.3587269e-11 
8.4992000e+04 8.4913181e-11 
8.5120000e+04 8.2910331e-11 
8.5248000e+04 8.6027262e-11 
8.5376000e+04 8.8457255e-11 
8.5504000e+04 8.7569195e-11 
8.5632000e+04 9.1123623e-11 
8.5760000e+04 9.3924993e-11 
8.5888000e+04 9.6596953e-11 
8.6016000e+04 9.6384220e-11 
8.6144000e+04 9.4995928e-11 
8.6272000e+04 9.6461499e-11 
8.6400000e+04 9.8078608e-11 
8.6528000e+04 1.0016395e-10 
8.6656000e+04 1.0217958e-10 
8.6784000e+04 9.9999342e-11 
8.6912000e+04 1.0053945e-10 
8.7040000e+04 1.0210242e-10 
8.7168000e+04 1.0665209e-10 
8.7296000e+04 1.0741667e-10 
8.7424000e+04 1.0871924e-10 
8.7552000e+04 1.1662650e-10 
8.7680000e+04 1.1942913e-10 
8.7808000e+04 1.2722523e-10 
8.7936000e+04 1.9156923e-10 
8.8064000e+04 1.9072680e-10 
8.8192000e+04 1.5651579e-10 
8.8320000e+04 1.3787889e-10 
8.8448000e+04 1.1707940e-10 
8.8576000e+04 1.2187981e-10 
8.8704000e+04 1.2048940e-10 
8.8832000e+04 1.1626571e-10 
8.8960000e+04 1.2056880e-10 
8.9088000e+04 1.1778338e-10 
8.9216000e+04 1.1832571e-10 
8.9344000e+04 1.2705074e-10 
8.9472000e+04 1.2283877e-10 
8.9600000e+04 1.2228409e-10 
8.9728000e+04 1.2729789e-10 
8.9856000e+04 1.4131847e-10 
8.9984000e+04 1.8109200e-10 
9.0112000e+04 1.9872526e-10 
9.0240000e+04 2.0696504e-10 
9.0368000e+04 1.9791524e-10 
9.0496000e+04 1.8957144e-10 
9.0624000e+04 2.0375164e-10 
9.0752000e+04 2.1214625e-10 
9.0880000e+04 1.9516908e-10 
9.1008000e+04 1.5738154e-10 
9.1136000e+04 1.4436376e-10 
9.1264000e+04 1.4381131e-10 
9.1392000e+04 1.4206647e-10 
9.1520000e+04 1.5156976e-10 
9.1648000e+04 1.5463988e-10 
9.1776000e+04 1.4751449e-10 
9.1904000e+04 1.4996046e-10 
9.2032000e+04 1.5389867e-10 
9.2160000e+04 1.5552599e-10 
9.2288000e+04 1.5443730e-10 
9.2416000e+04 1.5613714e-10 
9.2544000e+04 1.5405353e-10 
9.2672000e+04 1.5762813e-10 
9.2800000e+04 1.6839746e-10 
9.2928000e+04 1.7249191e-10 
9.3056000e+04 1.7330477e-10 
9.3184000e+04 1.8809938e-10 
9.3312000e+04 2.1950095e-10 
9.3440000e+04 3.0203995e-10 
9.3568000e+04 4.4838236e-10 
9.3696000e+04 5.4950922e-10 
9.3824000e+04 6.3716882e-10 
9.3952000e+04 5.8251926e-10 
9.4080000e+04 3.8215969e-10 
9.4208000e+04 2.6509750e-10 
9.4336000e+04 2.6373997e-10 
9.4464000e+04 3.0568648e-10 
9.4592000e+04 4.4259604e-10 
9.4720000e+04 7.4808665e-10 
9.4848000e+04 1.3390086e-09 
9.4976000e+04 2.0254807e-09 
9.5104000e+04 1.9866286e-09 
9.5232000e+04 1.6744868e-09 
9.5360000e+04 2.4087625e-09 
9.5488000e+04 3.0347465e-09 
9.5616000e+04 2.4705717e-09 
9.5744000e+04 1.8182439e-09 
9.5872000e+04 1.8149768e-09 
9.6000000e+04 2.2426101e-09 
9.6128000e+04 1.9533071e-09 
9.6256000e+04 2.0580799e-09 
9.6384000e+04 2.8244969e-09 
9.6512000e+04 5.2223728e-09 
9.6640000e+04 7.4589028e-09 
9.6768000e+04 6.7840285e-09 
9.6896000e+04 5.5178004e-09 
9.7024000e+04 4.5121911e-09 
9.7152000e+04 3.1932392e-09 
9.7280000e+04 1.9305997e-09 
9.7408000e+04 1.0888768e-09 
9.7536000e+04 9.4635322e-10 
9.7664000e+04 2.7346159e-09 
9.7792000e+04 7.3083464e-09 
9.7920000e+04 1.1130973e-08 
9.8048000e+04 7.7840188e-09 
9.8176000e+04 1.6086654e-09 
9.8304000e+04 8.2577284e-10 
9.8432000e+04 9.9483544e-10 
9.8560000e+04 1.0398704e-09 
9.8688000e+04 7.4043155e-10 
9.8816000e+04 5.5571614e-10 
9.8944000e+04 4.3758050e-10 
9.9072000e+04 3.2266004e-10 
9.9200000e+04 2.8247882e-10 
9.9328000e+04 2.8775096e-10 
9.9456000e+04 3.1250832e-10 
9.9584000e+04 3.2124678e-10 
9.9712000e+04 3.3338596e-10 
9.9840000e+04 4.0020764e-10 
9.9968000e+04 4.3111203e-10 
1.0009600e+05 3.6993933e-10 
1.0022400e+05 3.2962971e-10 
1.0035200e+05 2.9505370e-10 
1.0048000e+05 2.9539537e-10 
1.0060800e+05 2.7911284e-10 
1.0073600e+05 2.8430716e-10 
1.0086400e+05 2.9201586e-10 
1.0099200e+05 3.0235450e-10 
1.0112000e+05 3.3991859e-10 
1.0124800e+05 4.2950757e-10 
1.0137600e+05 5.3198657e-10 
1.0150400e+05 4.9173104e-10 
1.0163200e+05 3.9622108e-10 
1.0176000e+05 3.5593573e-10 
1.0188800e+05 3.9859213e-10 
1.0201600e+05 4.8996873e-10 
1.0214400e+05 4.8009569e-10 
1.0227200e+05 5.4636640e-10 
1.0240000e+05 9.9143327e-10 
