0.0000000e+00 1.1235488e-08 
1.2800000e+02 4.1013286e-09 
2.5600000e+02 1.2515532e-10 
3.8400000e+02 2.2716846e-12 
5.1200000e+02 6.5336088e-13 
6.4000000e+02 3.0387875e-13 
7.6800000e+02 9.7306535e-14 
8.9600000e+02 6.7623133e-14 
1.0240000e+03 4.3010121e-14 
1.1520000e+03 6.6941732e-14 
1.2800000e+03 6.2422276e-14 
1.4080000e+03 2.4078106e-14 
1.5360000e+03 1.8943079e-14 
1.6640000e+03 1.3440520e-14 
1.7920000e+03 1.2463860e-14 
1.9200000e+03 1.1193882e-14 
2.0480000e+03 1.1558729e-14 
2.1760000e+03 1.0376897e-14 
2.3040000e+03 9.0263278e-15 
2.4320000e+03 8.3267032e-15 
2.5600000e+03 7.4659983e-15 
2.6880000e+03 6.1149134e-15 
2.8160000e+03 5.7992450e-15 
2.9440000e+03 5.6989584e-15 
3.0720000e+03 5.7526463e-15 
3.2000000e+03 5.6269462e-15 
3.3280000e+03 4.9356148e-15 
3.4560000e+03 4.4265633e-15 
3.5840000e+03 3.9722029e-15 
3.7120000e+03 4.1104713e-15 
3.8400000e+03 4.0382355e-15 
3.9680000e+03 3.4955553e-15 
4.0960000e+03 3.1405413e-15 
4.2240000e+03 2.8585403e-15 
4.3520000e+03 2.8468138e-15 
4.4800000e+03 2.8624536e-15 
4.6080000e+03 3.0508494e-15 
4.7360000e+03 3.0271456e-15 
4.8640000e+03 3.0664115e-15 
4.9920000e+03 3.2038098e-15 
5.1200000e+03 2.8075102e-15 
5.2480000e+03 2.7225903e-15 
5.3760000e+03 2.7115524e-15 
5.5040000e+03 2.6324005e-15 
5.6320000e+03 3.3542740e-15 
5.7600000e+03 3.7011321e-15 
5.8880000e+03 3.0481842e-15 
6.0160000e+03 2.4013897e-15 
6.1440000e+03 2.5307530e-15 
6.2720000e+03 2.2626338e-15 
6.4000000e+03 2.1577711e-15 
6.5280000e+03 2.0696185e-15 
6.6560000e+03 1.9398723e-15 
6.7840000e+03 1.9164665e-15 
6.9120000e+03 1.9765768e-15 
7.0400000e+03 2.0119116e-15 
7.1680000e+03 1.9138968e-15 
7.2960000e+03 1.7587610e-15 
7.4240000e+03 1.7509154e-15 
7.5520000e+03 1.8853689e-15 
7.6800000e+03 1.8702687e-15 
7.8080000e+03 1.7669678e-15 
7.9360000e+03 1.6331750e-15 
8.0640000e+03 1.6545773e-15 
8.1920000e+03 1.5668325e-15 
8.3200000e+03 1.6954547e-15 
8.4480000e+03 1.8842970e-15 
8.5760000e+03 1.9234145e-15 
8.7040000e+03 2.1117808e-15 
8.8320000e+03 2.2022321e-15 
8.9600000e+03 2.7299840e-15 
9.0880000e+03 3.7712279e-15 
9.2160000e+03 2.9513211e-15 
9.3440000e+03 2.3545102e-15 
9.4720000e+03 2.1512468e-15 
9.6000000e+03 1.9944265e-15 
9.7280000e+03 1.7979236e-15 
9.8560000e+03 2.2105849e-15 
9.9840000e+03 2.4954184e-15 
1.0112000e+04 1.9021192e-15 
1.0240000e+04 1.8052227e-15 
1.0368000e+04 1.7422475e-15 
1.0496000e+04 1.8366550e-15 
1.0624000e+04 2.0233112e-15 
1.0752000e+04 2.0105911e-15 
1.0880000e+04 1.8207651e-15 
1.1008000e+04 1.9625897e-15 
1.1136000e+04 2.1945082e-15 
1.1264000e+04 2.4696279e-15 
1.1392000e+04 2.8001342e-15 
1.1520000e+04 3.2987012e-15 
1.1648000e+04 4.2605444e-15 
1.1776000e+04 4.3056519e-15 
1.1904000e+04 3.2776029e-15 
1.2032000e+04 2.5465235e-15 
1.2160000e+04 2.1825225e-15 
1.2288000e+04 1.8359575e-15 
1.2416000e+04 1.6583494e-15 
1.2544000e+04 1.5377639e-15 
1.2672000e+04 1.4842657e-15 
1.2800000e+04 1.4955892e-15 
1.2928000e+04 1.5157176e-15 
1.3056000e+04 1.5174494e-15 
1.3184000e+04 1.4711627e-15 
1.3312000e+04 1.4488331e-15 
1.3440000e+04 1.4925347e-15 
1.3568000e+04 1.5683299e-15 
1.3696000e+04 1.5510513e-15 
1.3824000e+04 1.4340199e-15 
1.3952000e+04 1.4664086e-15 
1.4080000e+04 1.5428679e-15 
1.4208000e+04 1.5799824e-15 
1.4336000e+04 1.5164467e-15 
1.4464000e+04 1.3256908e-15 
1.4592000e+04 1.2927174e-15 
1.4720000e+04 1.3451769e-15 
1.4848000e+04 1.4872150e-15 
1.4976000e+04 1.7061437e-15 
1.5104000e+04 1.6437601e-15 
1.5232000e+04 1.5371697e-15 
1.5360000e+04 1.3841644e-15 
1.5488000e+04 1.3872194e-15 
1.5616000e+04 1.4993445e-15 
1.5744000e+04 1.5317985e-15 
1.5872000e+04 1.4718898e-15 
1.6000000e+04 1.4355827e-15 
1.6128000e+04 1.3730150e-15 
1.6256000e+04 1.4729891e-15 
1.6384000e+04 1.6185264e-15 
1.6512000e+04 1.5038519e-15 
1.6640000e+04 1.5189062e-15 
1.6768000e+04 1.5942297e-15 
1.6896000e+04 1.6201337e-15 
1.7024000e+04 1.6782674e-15 
1.7152000e+04 1.7253736e-15 
1.7280000e+04 1.7415093e-15 
1.7408000e+04 1.7540094e-15 
1.7536000e+04 1.6479815e-15 
1.7664000e+04 1.5950420e-15 
1.7792000e+04 1.5845306e-15 
1.7920000e+04 1.6065438e-15 
1.8048000e+04 1.7172658e-15 
1.8176000e+04 1.7667466e-15 
1.8304000e+04 1.7523424e-15 
1.8432000e+04 1.9082818e-15 
1.8560000e+04 2.0184475e-15 
1.8688000e+04 1.8922998e-15 
1.8816000e+04 1.7742228e-15 
1.8944000e+04 1.7076318e-15 
1.9072000e+04 1.6166509e-15 
1.9200000e+04 1.6003433e-15 
1.9328000e+04 1.5594527e-15 
1.9456000e+04 1.5318389e-15 
1.9584000e+04 1.6355330e-15 
1.9712000e+04 1.6320278e-15 
1.9840000e+04 1.6733032e-15 
1.9968000e+04 1.6519017e-15 
2.0096000e+04 1.6355903e-15 
2.0224000e+04 1.6858430e-15 
2.0352000e+04 1.6353318e-15 
2.0480000e+04 1.7106305e-15 
2.0608000e+04 1.6544210e-15 
2.0736000e+04 1.5856444e-15 
2.0864000e+04 1.5720779e-15 
2.0992000e+04 1.6063321e-15 
2.1120000e+04 1.5698287e-15 
2.1248000e+04 1.6046786e-15 
2.1376000e+04 1.6553913e-15 
2.1504000e+04 1.6387828e-15 
2.1632000e+04 1.6143947e-15 
2.1760000e+04 1.5403425e-15 
2.1888000e+04 1.4687031e-15 
2.2016000e+04 1.3979130e-15 
2.2144000e+04 1.3963821e-15 
2.2272000e+04 1.4813905e-15 
2.2400000e+04 1.5957778e-15 
2.2528000e+04 1.6656010e-15 
2.2656000e+04 1.6170273e-15 
2.2784000e+04 1.5775938e-15 
2.2912000e+04 1.4512181e-15 
2.3040000e+04 1.3729969e-15 
2.3168000e+04 1.5046876e-15 
2.3296000e+04 1.4827965e-15 
2.3424000e+04 1.4704813e-15 
2.3552000e+04 1.5343807e-15 
2.3680000e+04 1.4819176e-15 
2.3808000e+04 1.4777581e-15 
2.3936000e+04 1.4104534e-15 
2.4064000e+04 1.4040968e-15 
2.4192000e+04 1.4671397e-15 
2.4320000e+04 1.5317514e-15 
2.4448000e+04 1.3955973e-15 
2.4576000e+04 1.4728468e-15 
2.4704000e+04 1.4142713e-15 
2.4832000e+04 1.4381668e-15 
2.4960000e+04 1.6228149e-15 
2.5088000e+04 1.4277044e-15 
2.5216000e+04 1.3013759e-15 
2.5344000e+04 1.3976490e-15 
2.5472000e+04 1.4074090e-15 
2.5600000e+04 1.4144204e-15 
2.5728000e+04 1.3668451e-15 
2.5856000e+04 1.2647342e-15 
2.5984000e+04 1.3319353e-15 
2.6112000e+04 1.4110730e-15 
2.6240000e+04 1.3569969e-15 
2.6368000e+04 1.2806837e-15 
2.6496000e+04 1.3910508e-15 
2.6624000e+04 1.3726382e-15 
2.6752000e+04 1.2965895e-15 
2.6880000e+04 1.3414955e-15 
2.7008000e+04 1.3682144e-15 
2.7136000e+04 1.3642722e-15 
2.7264000e+04 1.4377594e-15 
2.7392000e+04 1.4932854e-15 
2.7520000e+04 1.3608792e-15 
2.7648000e+04 1.3669832e-15 
2.7776000e+04 1.3105903e-15 
2.7904000e+04 1.3352268e-15 
2.8032000e+04 1.2788403e-15 
2.8160000e+04 1.2332960e-15 
2.8288000e+04 1.3324062e-15 
2.8416000e+04 1.3518307e-15 
2.8544000e+04 1.2953373e-15 
2.8672000e+04 1.3009473e-15 
2.8800000e+04 1.2531482e-15 
2.8928000e+04 1.3277389e-15 
2.9056000e+04 1.3284797e-15 
2.9184000e+04 1.3709151e-15 
2.9312000e+04 1.3925666e-15 
2.9440000e+04 1.3953369e-15 
2.9568000e+04 1.2863348e-15 
2.9696000e+04 1.3074570e-15 
2.9824000e+04 1.2544395e-15 
2.9952000e+04 1.2893325e-15 
3.0080000e+04 1.2622567e-15 
3.0208000e+04 1.2571612e-15 
3.0336000e+04 1.3222166e-15 
3.0464000e+04 1.3483058e-15 
3.0592000e+04 1.3512253e-15 
3.0720000e+04 1.3625598e-15 
3.0848000e+04 1.2837331e-15 
3.0976000e+04 1.3074628e-15 
3.1104000e+04 1.3642932e-15 
3.1232000e+04 1.3625298e-15 
3.1360000e+04 1.3180972e-15 
3.1488000e+04 1.2748420e-15 
3.1616000e+04 1.3026397e-15 
3.1744000e+04 1.3692634e-15 
3.1872000e+04 1.3477285e-15 
3.2000000e+04 1.3113992e-15 
3.2128000e+04 1.4172247e-15 
3.2256000e+04 1.3853442e-15 
3.2384000e+04 1.2793598e-15 
3.2512000e+04 1.1990160e-15 
3.2640000e+04 1.2831018e-15 
3.2768000e+04 1.2763433e-15 
3.2896000e+04 1.3599083e-15 
3.3024000e+04 1.2921441e-15 
3.3152000e+04 1.3690710e-15 
3.3280000e+04 1.3712945e-15 
3.3408000e+04 1.3371487e-15 
3.3536000e+04 1.3102852e-15 
3.3664000e+04 1.3332403e-15 
3.3792000e+04 1.3388087e-15 
3.3920000e+04 1.3949692e-15 
3.4048000e+04 1.3542582e-15 
3.4176000e+04 1.4186446e-15 
3.4304000e+04 1.3249894e-15 
3.4432000e+04 1.3685571e-15 
3.4560000e+04 1.2924137e-15 
3.4688000e+04 1.2549299e-15 
3.4816000e+04 1.3024280e-15 
3.4944000e+04 1.4079283e-15 
3.5072000e+04 1.3721379e-15 
3.5200000e+04 1.2162529e-15 
3.5328000e+04 1.2714926e-15 
3.5456000e+04 1.3303480e-15 
3.5584000e+04 1.2285145e-15 
3.5712000e+04 1.3091952e-15 
3.5840000e+04 1.4223627e-15 
3.5968000e+04 1.4114852e-15 
3.6096000e+04 1.3147121e-15 
3.6224000e+04 1.2967746e-15 
3.6352000e+04 1.3680763e-15 
3.6480000e+04 1.3080629e-15 
3.6608000e+04 1.1846037e-15 
3.6736000e+04 1.3014760e-15 
3.6864000e+04 1.3332462e-15 
3.6992000e+04 1.3135319e-15 
3.7120000e+04 1.3064095e-15 
3.7248000e+04 1.3362651e-15 
3.7376000e+04 1.3677008e-15 
3.7504000e+04 1.3669261e-15 
3.7632000e+04 1.3699521e-15 
3.7760000e+04 1.3405149e-15 
3.7888000e+04 1.3993473e-15 
3.8016000e+04 1.3787647e-15 
3.8144000e+04 1.3034294e-15 
3.8272000e+04 1.2062759e-15 
3.8400000e+04 1.2126686e-15 
3.8528000e+04 1.3171076e-15 
3.8656000e+04 1.2973215e-15 
3.8784000e+04 1.3106852e-15 
3.8912000e+04 1.3013245e-15 
3.9040000e+04 1.2690519e-15 
3.9168000e+04 1.2616054e-15 
3.9296000e+04 1.2903039e-15 
3.9424000e+04 1.3259674e-15 
3.9552000e+04 1.3091808e-15 
3.9680000e+04 1.3710838e-15 
3.9808000e+04 1.3945833e-15 
3.9936000e+04 1.3698408e-15 
4.0064000e+04 1.2723417e-15 
4.0192000e+04 1.2165199e-15 
4.0320000e+04 1.3030602e-15 
4.0448000e+04 1.3754443e-15 
4.0576000e+04 1.3370400e-15 
4.0704000e+04 1.4283942e-15 
4.0832000e+04 1.4839789e-15 
4.0960000e+04 1.4412745e-15 
4.1088000e+04 1.6411741e-15 
4.1216000e+04 1.5261010e-15 
4.1344000e+04 1.9304978e-15 
4.1472000e+04 2.2849074e-15 
4.1600000e+04 1.9339856e-15 
4.1728000e+04 1.5067509e-15 
4.1856000e+04 1.4309655e-15 
4.1984000e+04 1.3320229e-15 
4.2112000e+04 1.1852491e-15 
4.2240000e+04 1.2238616e-15 
4.2368000e+04 1.3175879e-15 
4.2496000e+04 1.3683406e-15 
4.2624000e+04 1.3140166e-15 
4.2752000e+04 1.3984688e-15 
4.2880000e+04 1.4158716e-15 
4.3008000e+04 1.3895791e-15 
4.3136000e+04 1.2849571e-15 
4.3264000e+04 1.3014388e-15 
4.3392000e+04 1.2952720e-15 
4.3520000e+04 1.3432464e-15 
4.3648000e+04 1.4069795e-15 
4.3776000e+04 1.3787434e-15 
4.3904000e+04 1.4224533e-15 
4.4032000e+04 1.3824056e-15 
4.4160000e+04 1.4310503e-15 
4.4288000e+04 1.4236126e-15 
4.4416000e+04 1.3121798e-15 
4.4544000e+04 1.4212856e-15 
4.4672000e+04 1.4044576e-15 
4.4800000e+04 1.3057900e-15 
4.4928000e+04 1.3428365e-15 
4.5056000e+04 1.4048400e-15 
4.5184000e+04 1.3697206e-15 
4.5312000e+04 1.3826242e-15 
4.5440000e+04 1.3465808e-15 
4.5568000e+04 1.3001734e-15 
4.5696000e+04 1.3309178e-15 
4.5824000e+04 1.2854115e-15 
4.5952000e+04 1.2519077e-15 
4.6080000e+04 1.2527713e-15 
4.6208000e+04 1.2454011e-15 
4.6336000e+04 1.3594306e-15 
4.6464000e+04 1.4110885e-15 
4.6592000e+04 1.3731507e-15 
4.6720000e+04 1.4162758e-15 
4.6848000e+04 1.3050848e-15 
4.6976000e+04 1.3547728e-15 
4.7104000e+04 1.3653002e-15 
4.7232000e+04 1.3730241e-15 
4.7360000e+04 1.3462378e-15 
4.7488000e+04 1.2285253e-15 
4.7616000e+04 1.2235687e-15 
4.7744000e+04 1.3259849e-15 
4.7872000e+04 1.3456555e-15 
4.8000000e+04 1.2459893e-15 
4.8128000e+04 1.3122893e-15 
4.8256000e+04 1.2981650e-15 
4.8384000e+04 1.3421556e-15 
4.8512000e+04 1.2753628e-15 
4.8640000e+04 1.2274952e-15 
4.8768000e+04 1.2072378e-15 
4.8896000e+04 1.3006074e-15 
4.9024000e+04 1.3566602e-15 
4.9152000e+04 1.3335507e-15 
4.9280000e+04 1.3041909e-15 
4.9408000e+04 1.3131945e-15 
4.9536000e+04 1.3346083e-15 
4.9664000e+04 1.4539676e-15 
4.9792000e+04 1.3864520e-15 
4.9920000e+04 1.3047553e-15 
5.0048000e+04 1.2484213e-15 
5.0176000e+04 1.2476046e-15 
5.0304000e+04 1.1718460e-15 
5.0432000e+04 1.3375980e-15 
5.0560000e+04 1.3096179e-15 
5.0688000e+04 1.2825693e-15 
5.0816000e+04 1.3118427e-15 
5.0944000e+04 1.3144581e-15 
5.1072000e+04 1.3023765e-15 
5.1200000e+04 1.3252134e-15 
5.1328000e+04 1.2787504e-15 
5.1456000e+04 1.2960287e-15 
5.1584000e+04 1.3149345e-15 
5.1712000e+04 1.2653732e-15 
5.1840000e+04 1.3028228e-15 
5.1968000e+04 1.2474731e-15 
5.2096000e+04 1.1913838e-15 
5.2224000e+04 1.2611649e-15 
5.2352000e+04 1.3028256e-15 
5.2480000e+04 1.2886503e-15 
5.2608000e+04 1.3411950e-15 
5.2736000e+04 1.3328013e-15 
5.2864000e+04 1.3178888e-15 
5.2992000e+04 1.3071498e-15 
5.3120000e+04 1.3084192e-15 
5.3248000e+04 1.3865951e-15 
5.3376000e+04 1.4886691e-15 
5.3504000e+04 1.3641285e-15 
5.3632000e+04 1.2626336e-15 
5.3760000e+04 1.2592030e-15 
5.3888000e+04 1.2738541e-15 
5.4016000e+04 1.3603384e-15 
5.4144000e+04 1.3134195e-15 
5.4272000e+04 1.3248905e-15 
5.4400000e+04 1.3348808e-15 
5.4528000e+04 1.2854764e-15 
5.4656000e+04 1.2145528e-15 
5.4784000e+04 1.3107370e-15 
5.4912000e+04 1.3543355e-15 
5.5040000e+04 1.3132406e-15 
5.5168000e+04 1.2984928e-15 
5.5296000e+04 1.2934898e-15 
5.5424000e+04 1.2977460e-15 
5.5552000e+04 1.1636200e-15 
5.5680000e+04 1.1912269e-15 
5.5808000e+04 1.3177557e-15 
5.5936000e+04 1.3220075e-15 
5.6064000e+04 1.2620155e-15 
5.6192000e+04 1.3311165e-15 
5.6320000e+04 1.3377361e-15 
5.6448000e+04 1.3037099e-15 
5.6576000e+04 1.3816348e-15 
5.6704000e+04 1.3066735e-15 
5.6832000e+04 1.2957641e-15 
5.6960000e+04 1.2883588e-15 
5.7088000e+04 1.3183056e-15 
5.7216000e+04 1.2896694e-15 
5.7344000e+04 1.2509487e-15 
5.7472000e+04 1.3445302e-15 
5.7600000e+04 1.3816773e-15 
5.7728000e+04 1.3488211e-15 
5.7856000e+04 1.2456036e-15 
5.7984000e+04 1.3858006e-15 
5.8112000e+04 1.3514063e-15 
5.8240000e+04 1.3276631e-15 
5.8368000e+04 1.2956218e-15 
5.8496000e+04 1.4771449e-15 
5.8624000e+04 1.4408379e-15 
5.8752000e+04 1.3560675e-15 
5.8880000e+04 1.4166335e-15 
5.9008000e+04 1.3142503e-15 
5.9136000e+04 1.1872366e-15 
5.9264000e+04 1.2464490e-15 
5.9392000e+04 1.2352908e-15 
5.9520000e+04 1.2608908e-15 
5.9648000e+04 1.3666681e-15 
5.9776000e+04 1.4229594e-15 
5.9904000e+04 1.4230282e-15 
6.0032000e+04 1.2396168e-15 
6.0160000e+04 1.1897812e-15 
6.0288000e+04 1.2285523e-15 
6.0416000e+04 1.2698353e-15 
6.0544000e+04 1.3685450e-15 
6.0672000e+04 1.3755892e-15 
6.0800000e+04 1.3352415e-15 
6.0928000e+04 1.2557321e-15 
6.1056000e+04 1.2014408e-15 
6.1184000e+04 1.1945772e-15 
6.1312000e+04 1.1593963e-15 
6.1440000e+04 1.2389283e-15 
6.1568000e+04 1.3349219e-15 
6.1696000e+04 1.3288385e-15 
6.1824000e+04 1.3198408e-15 
6.1952000e+04 1.2972759e-15 
6.2080000e+04 1.2351010e-15 
6.2208000e+04 1.2570592e-15 
6.2336000e+04 1.2976691e-15 
6.2464000e+04 1.2064534e-15 
6.2592000e+04 1.3031060e-15 
6.2720000e+04 1.4418507e-15 
6.2848000e+04 1.3583475e-15 
6.2976000e+04 1.2876546e-15 
6.3104000e+04 1.3521335e-15 
6.3232000e+04 1.4272906e-15 
6.3360000e+04 1.3641733e-15 
6.3488000e+04 1.3073738e-15 
6.3616000e+04 1.3175011e-15 
6.3744000e+04 1.3846903e-15 
6.3872000e+04 1.2543375e-15 
6.4000000e+04 1.2505971e-15 
6.4128000e+04 1.2832201e-15 
6.4256000e+04 1.3155035e-15 
6.4384000e+04 1.2678820e-15 
6.4512000e+04 1.2649342e-15 
6.4640000e+04 1.3103543e-15 
6.4768000e+04 1.3353441e-15 
6.4896000e+04 1.3879598e-15 
6.5024000e+04 1.3847541e-15 
6.5152000e+04 1.3474563e-15 
6.5280000e+04 1.3022393e-15 
6.5408000e+04 1.2117822e-15 
6.5536000e+04 1.1862412e-15 
6.5664000e+04 1.3674995e-15 
6.5792000e+04 1.2482485e-15 
6.5920000e+04 1.2009053e-15 
6.6048000e+04 1.2848555e-15 
6.6176000e+04 1.2921952e-15 
6.6304000e+04 1.3051851e-15 
6.6432000e+04 1.2802198e-15 
6.6560000e+04 1.3626974e-15 
6.6688000e+04 1.4134951e-15 
6.6816000e+04 1.3043656e-15 
6.6944000e+04 1.2903039e-15 
6.7072000e+04 1.2854877e-15 
6.7200000e+04 1.2186563e-15 
6.7328000e+04 1.2653732e-15 
6.7456000e+04 1.3025795e-15 
6.7584000e+04 1.3475865e-15 
6.7712000e+04 1.3390556e-15 
6.7840000e+04 1.3253008e-15 
6.7968000e+04 1.2426612e-15 
6.8096000e+04 1.2106465e-15 
6.8224000e+04 1.2900348e-15 
6.8352000e+04 1.2347132e-15 
6.8480000e+04 1.2924819e-15 
6.8608000e+04 1.3515695e-15 
6.8736000e+04 1.3761754e-15 
6.8864000e+04 1.3117880e-15 
6.8992000e+04 1.2995169e-15 
6.9120000e+04 1.3225564e-15 
6.9248000e+04 1.3748554e-15 
6.9376000e+04 1.3187225e-15 
6.9504000e+04 1.2078079e-15 
6.9632000e+04 1.2855780e-15 
6.9760000e+04 1.3500359e-15 
6.9888000e+04 1.3536070e-15 
7.0016000e+04 1.2723892e-15 
7.0144000e+04 1.2956332e-15 
7.0272000e+04 1.3081434e-15 
7.0400000e+04 1.3025595e-15 
7.0528000e+04 1.3050303e-15 
7.0656000e+04 1.3289319e-15 
7.0784000e+04 1.2502154e-15 
7.0912000e+04 1.2487174e-15 
7.1040000e+04 1.3146718e-15 
7.1168000e+04 1.2873379e-15 
7.1296000e+04 1.3266664e-15 
7.1424000e+04 1.3157605e-15 
7.1552000e+04 1.3214881e-15 
7.1680000e+04 1.3580044e-15 
7.1808000e+04 1.2998623e-15 
7.1936000e+04 1.4287990e-15 
7.2064000e+04 1.3557965e-15 
7.2192000e+04 1.2845001e-15 
7.2320000e+04 1.3876094e-15 
7.2448000e+04 1.2738710e-15 
7.2576000e+04 1.2192585e-15 
7.2704000e+04 1.3163733e-15 
7.2832000e+04 1.3146285e-15 
7.2960000e+04 1.3162836e-15 
7.3088000e+04 1.3233553e-15 
7.3216000e+04 1.2638903e-15 
7.3344000e+04 1.3551000e-15 
7.3472000e+04 1.3365087e-15 
7.3600000e+04 1.1831454e-15 
7.3728000e+04 1.1385863e-15 
7.3856000e+04 1.1561623e-15 
7.3984000e+04 1.2194058e-15 
7.4112000e+04 1.2583075e-15 
7.4240000e+04 1.3064698e-15 
7.4368000e+04 1.2722383e-15 
7.4496000e+04 1.3122404e-15 
7.4624000e+04 1.2879261e-15 
7.4752000e+04 1.3352004e-15 
7.4880000e+04 1.3302838e-15 
7.5008000e+04 1.2977403e-15 
7.5136000e+04 1.3008102e-15 
7.5264000e+04 1.3003704e-15 
7.5392000e+04 1.3339373e-15 
7.5520000e+04 1.4348609e-15 
7.5648000e+04 1.3899057e-15 
7.5776000e+04 1.3796156e-15 
7.5904000e+04 1.2890578e-15 
7.6032000e+04 1.1764587e-15 
7.6160000e+04 1.2321780e-15 
7.6288000e+04 1.2634990e-15 
7.6416000e+04 1.3371574e-15 
7.6544000e+04 1.2782366e-15 
7.6672000e+04 1.3712644e-15 
7.6800000e+04 1.3528048e-15 
7.6928000e+04 1.3088214e-15 
7.7056000e+04 1.2384278e-15 
7.7184000e+04 1.2690770e-15 
7.7312000e+04 1.2397475e-15 
7.7440000e+04 1.3232128e-15 
7.7568000e+04 1.3796975e-15 
7.7696000e+04 1.4032584e-15 
7.7824000e+04 1.3660349e-15 
7.7952000e+04 1.3872559e-15 
7.8080000e+04 1.3758883e-15 
7.8208000e+04 1.3675085e-15 
7.8336000e+04 1.3668841e-15 
7.8464000e+04 1.3208527e-15 
7.8592000e+04 1.2305691e-15 
7.8720000e+04 1.2577494e-15 
7.8848000e+04 1.2270046e-15 
7.8976000e+04 1.2419327e-15 
7.9104000e+04 1.2810298e-15 
7.9232000e+04 1.3460338e-15 
7.9360000e+04 1.4275038e-15 
7.9488000e+04 1.2329196e-15 
7.9616000e+04 1.3275523e-15 
7.9744000e+04 1.3914510e-15 
7.9872000e+04 1.3774694e-15 
8.0000000e+04 1.3395880e-15 
8.0128000e+04 1.3983889e-15 
8.0256000e+04 1.3407416e-15 
8.0384000e+04 1.2678653e-15 
8.0512000e+04 1.4124122e-15 
8.0640000e+04 1.4491895e-15 
8.0768000e+04 1.3295741e-15 
8.0896000e+04 1.2441957e-15 
8.1024000e+04 1.2973215e-15 
8.1152000e+04 1.2770218e-15 
8.1280000e+04 1.3738443e-15 
8.1408000e+04 1.4030057e-15 
8.1536000e+04 1.3674696e-15 
8.1664000e+04 1.3074340e-15 
8.1792000e+04 1.2762509e-15 
8.1920000e+04 1.2745201e-15 
8.2048000e+04 1.2938705e-15 
8.2176000e+04 1.2714564e-15 
8.2304000e+04 1.3112495e-15 
8.2432000e+04 1.3480127e-15 
8.2560000e+04 1.3929092e-15 
8.2688000e+04 1.4389913e-15 
8.2816000e+04 1.4021187e-15 
8.2944000e+04 1.3885878e-15 
8.3072000e+04 1.2427048e-15 
8.3200000e+04 1.3336942e-15 
8.3328000e+04 1.3058961e-15 
8.3456000e+04 1.3017560e-15 
8.3584000e+04 1.3080141e-15 
8.3712000e+04 1.3858310e-15 
8.3840000e+04 1.3508901e-15 
8.3968000e+04 1.4188782e-15 
8.4096000e+04 1.4004201e-15 
8.4224000e+04 1.3532504e-15 
8.4352000e+04 1.4112837e-15 
8.4480000e+04 1.4211545e-15 
8.4608000e+04 1.3731115e-15 
8.4736000e+04 1.4558078e-15 
8.4864000e+04 1.6181143e-15 
8.4992000e+04 1.5889069e-15 
8.5120000e+04 1.5023238e-15 
8.5248000e+04 1.3283454e-15 
8.5376000e+04 1.3973545e-15 
8.5504000e+04 1.4223939e-15 
8.5632000e+04 1.3694018e-15 
8.5760000e+04 1.4923348e-15 
8.5888000e+04 1.4446459e-15 
8.6016000e+04 1.4708882e-15 
8.6144000e+04 1.3643651e-15 
8.6272000e+04 1.3706353e-15 
8.6400000e+04 1.4447919e-15 
8.6528000e+04 1.4011061e-15 
8.6656000e+04 1.3413453e-15 
8.6784000e+04 1.3936802e-15 
8.6912000e+04 1.3497930e-15 
8.7040000e+04 1.3748826e-15 
8.7168000e+04 1.4683516e-15 
8.7296000e+04 1.4302555e-15 
8.7424000e+04 1.4244601e-15 
8.7552000e+04 1.5564455e-15 
8.7680000e+04 1.6840966e-15 
8.7808000e+04 1.6317160e-15 
8.7936000e+04 1.5058380e-15 
8.8064000e+04 1.4669142e-15 
8.8192000e+04 1.4912767e-15 
8.8320000e+04 1.6328523e-15 
8.8448000e+04 1.5833585e-15 
8.8576000e+04 1.3903789e-15 
8.8704000e+04 1.3960724e-15 
8.8832000e+04 1.4087262e-15 
8.8960000e+04 1.4177943e-15 
8.9088000e+04 1.3425475e-15 
8.9216000e+04 1.2784050e-15 
8.9344000e+04 1.3302866e-15 
8.9472000e+04 1.3351154e-15 
8.9600000e+04 1.4292917e-15 
8.9728000e+04 1.3783317e-15 
8.9856000e+04 1.4415404e-15 
8.9984000e+04 1.3948773e-15 
9.0112000e+04 1.4111288e-15 
9.0240000e+04 1.2829665e-15 
9.0368000e+04 1.3179004e-15 
9.0496000e+04 1.2987781e-15 
9.0624000e+04 1.3958823e-15 
9.0752000e+04 1.3917535e-15 
9.0880000e+04 1.3497277e-15 
9.1008000e+04 1.2918718e-15 
9.1136000e+04 1.4046241e-15 
9.1264000e+04 1.4086953e-15 
9.1392000e+04 1.3627123e-15 
9.1520000e+04 1.3039475e-15 
9.1648000e+04 1.3418697e-15 
9.1776000e+04 1.3390616e-15 
9.1904000e+04 1.4173337e-15 
9.2032000e+04 1.4381889e-15 
9.2160000e+04 1.4147216e-15 
9.2288000e+04 1.4568472e-15 
9.2416000e+04 1.3830827e-15 
9.2544000e+04 1.3815953e-15 
9.2672000e+04 1.4095339e-15 
9.2800000e+04 1.3733859e-15 
9.2928000e+04 1.2574235e-15 
9.3056000e+04 1.2822765e-15 
9.3184000e+04 1.4447158e-15 
9.3312000e+04 1.4804800e-15 
9.3440000e+04 1.4240128e-15 
9.3568000e+04 1.3639247e-15 
9.3696000e+04 1.3502821e-15 
9.3824000e+04 1.3951377e-15 
9.3952000e+04 1.4076069e-15 
9.4080000e+04 1.4738012e-15 
9.4208000e+04 1.3166045e-15 
9.4336000e+04 1.2313611e-15 
9.4464000e+04 1.2858773e-15 
9.4592000e+04 1.2682941e-15 
9.4720000e+04 1.2567610e-15 
9.4848000e+04 1.3832711e-15 
9.4976000e+04 1.4622477e-15 
9.5104000e+04 1.4112466e-15 
9.5232000e+04 1.2373813e-15 
9.5360000e+04 1.3553500e-15 
9.5488000e+04 1.4300702e-15 
9.5616000e+04 1.4063926e-15 
9.5744000e+04 1.3747105e-15 
9.5872000e+04 1.3926278e-15 
9.6000000e+04 1.4035727e-15 
9.6128000e+04 1.4526655e-15 
9.6256000e+04 1.4148771e-15 
9.6384000e+04 1.3967071e-15 
9.6512000e+04 1.2738877e-15 
9.6640000e+04 1.2658401e-15 
9.6768000e+04 1.2723557e-15 
9.6896000e+04 1.3033349e-15 
9.7024000e+04 1.3129898e-15 
9.7152000e+04 1.3640716e-15 
9.7280000e+04 1.4404835e-15 
9.7408000e+04 1.4951886e-15 
9.7536000e+04 1.4153338e-15 
9.7664000e+04 1.3173448e-15 
9.7792000e+04 1.3220163e-15 
9.7920000e+04 1.3088962e-15 
9.8048000e+04 1.3532802e-15 
9.8176000e+04 1.3624041e-15 
9.8304000e+04 1.2554976e-15 
9.8432000e+04 1.2712470e-15 
9.8560000e+04 1.3619794e-15 
9.8688000e+04 1.3520950e-15 
9.8816000e+04 1.3395880e-15 
9.8944000e+04 1.3837419e-15 
9.9072000e+04 1.3558620e-15 
9.9200000e+04 1.4420375e-15 
9.9328000e+04 1.4073318e-15 
9.9456000e+04 1.3831009e-15 
9.9584000e+04 1.4646289e-15 
9.9712000e+04 1.4285229e-15 
9.9840000e+04 1.4095524e-15 
9.9968000e+04 1.4337774e-15 
1.0009600e+05 1.3824785e-15 
1.0022400e+05 1.3328656e-15 
1.0035200e+05 1.2147688e-15 
1.0048000e+05 1.3230298e-15 
1.0060800e+05 1.3993596e-15 
1.0073600e+05 1.4726560e-15 
1.0086400e+05 1.4797324e-15 
1.0099200e+05 1.4590658e-15 
1.0112000e+05 1.3660949e-15 
1.0124800e+05 1.3134973e-15 
1.0137600e+05 1.3537498e-15 
1.0150400e+05 1.3453335e-15 
1.0163200e+05 1.4879533e-15 
1.0176000e+05 1.5119944e-15 
1.0188800e+05 1.3873504e-15 
1.0201600e+05 1.3858067e-15 
1.0214400e+05 1.3470451e-15 
1.0227200e+05 1.3197162e-15 
1.0240000e+05 1.3024452e-15 
