0.0000000e+00 9.5282410e+02 
1.2800000e+02 5.5323413e+02 
2.5600000e+02 1.7091989e+02 
3.8400000e+02 2.3360500e+02 
5.1200000e+02 2.0019682e+02 
6.4000000e+02 1.7167398e+02 
7.6800000e+02 9.6198013e+01 
8.9600000e+02 6.6273544e+01 
1.0240000e+03 1.3064597e+02 
1.1520000e+03 9.5332008e+01 
1.2800000e+03 2.4283745e+01 
1.4080000e+03 1.9815670e+01 
1.5360000e+03 1.9768362e+01 
1.6640000e+03 1.8237236e+01 
1.7920000e+03 1.5792341e+01 
1.9200000e+03 1.2534657e+01 
2.0480000e+03 9.6802225e+00 
2.1760000e+03 8.2920799e+00 
2.3040000e+03 8.1400309e+00 
2.4320000e+03 6.9697890e+00 
2.5600000e+03 6.3488278e+00 
2.6880000e+03 6.6360960e+00 
2.8160000e+03 7.1519990e+00 
2.9440000e+03 7.0963964e+00 
3.0720000e+03 6.1518788e+00 
3.2000000e+03 5.8492570e+00 
3.3280000e+03 7.2650142e+00 
3.4560000e+03 1.8250458e+01 
3.5840000e+03 8.1675529e+01 
3.7120000e+03 7.7713524e+01 
3.8400000e+03 6.7873421e+01 
3.9680000e+03 1.1341785e+01 
4.0960000e+03 5.5987425e+00 
4.2240000e+03 4.2161350e+00 
4.3520000e+03 3.8123963e+00 
4.4800000e+03 3.4962940e+00 
4.6080000e+03 3.2512167e+00 
4.7360000e+03 3.1334794e+00 
4.8640000e+03 3.1133120e+00 
4.9920000e+03 3.2035918e+00 
5.1200000e+03 3.4773874e+00 
5.2480000e+03 3.8894503e+00 
5.3760000e+03 4.1514192e+00 
5.5040000e+03 4.0642014e+00 
5.6320000e+03 3.7802529e+00 
5.7600000e+03 4.1460314e+00 
5.8880000e+03 3.8839409e+00 
6.0160000e+03 3.7441392e+00 
6.1440000e+03 4.4191866e+00 
6.2720000e+03 5.4828925e+00 
6.4000000e+03 5.6160407e+00 
6.5280000e+03 4.6474051e+00 
6.6560000e+03 3.9520380e+00 
6.7840000e+03 3.5194964e+00 
6.9120000e+03 3.4138308e+00 
7.0400000e+03 3.3720322e+00 
7.1680000e+03 3.3048794e+00 
7.2960000e+03 3.5396831e+00 
7.4240000e+03 3.8984547e+00 
7.5520000e+03 3.5867045e+00 
7.6800000e+03 3.4132972e+00 
7.8080000e+03 3.0564556e+00 
7.9360000e+03 2.8027306e+00 
8.0640000e+03 2.7334754e+00 
8.1920000e+03 2.7804477e+00 
8.3200000e+03 2.8051746e+00 
8.4480000e+03 2.8317702e+00 
8.5760000e+03 2.8645518e+00 
8.7040000e+03 2.9782159e+00 
8.8320000e+03 3.0632253e+00 
8.9600000e+03 3.1801038e+00 
9.0880000e+03 3.0279629e+00 
9.2160000e+03 2.7933409e+00 
9.3440000e+03 2.8584473e+00 
9.4720000e+03 2.8061926e+00 
9.6000000e+03 2.7176669e+00 
9.7280000e+03 2.5539341e+00 
9.8560000e+03 2.4587040e+00 
9.9840000e+03 2.4385104e+00 
1.0112000e+04 2.4449697e+00 
1.0240000e+04 2.3972247e+00 
1.0368000e+04 2.3260672e+00 
1.0496000e+04 2.2620966e+00 
1.0624000e+04 2.2526507e+00 
1.0752000e+04 2.2225468e+00 
1.0880000e+04 2.1850123e+00 
1.1008000e+04 2.2332363e+00 
1.1136000e+04 2.2657232e+00 
1.1264000e+04 2.3069880e+00 
1.1392000e+04 2.3705430e+00 
1.1520000e+04 2.4870651e+00 
1.1648000e+04 2.4531159e+00 
1.1776000e+04 2.4846511e+00 
1.1904000e+04 2.4041629e+00 
1.2032000e+04 2.4344716e+00 
1.2160000e+04 2.5528674e+00 
1.2288000e+04 2.3691940e+00 
1.2416000e+04 2.2339134e+00 
1.2544000e+04 2.2454128e+00 
1.2672000e+04 2.2912486e+00 
1.2800000e+04 2.4061949e+00 
1.2928000e+04 2.5044289e+00 
1.3056000e+04 2.4087536e+00 
1.3184000e+04 2.3793952e+00 
1.3312000e+04 2.3357983e+00 
1.3440000e+04 2.3012447e+00 
1.3568000e+04 2.2977436e+00 
1.3696000e+04 2.3547049e+00 
1.3824000e+04 2.3739345e+00 
1.3952000e+04 2.4283493e+00 
1.4080000e+04 2.4668744e+00 
1.4208000e+04 2.4980011e+00 
1.4336000e+04 2.6614621e+00 
1.4464000e+04 2.8921547e+00 
1.4592000e+04 3.1279955e+00 
1.4720000e+04 3.4592080e+00 
1.4848000e+04 4.2296157e+00 
1.4976000e+04 6.3395939e+00 
1.5104000e+04 7.1708427e+01 
1.5232000e+04 1.5233354e+02 
1.5360000e+04 8.5236000e+01 
1.5488000e+04 6.9208527e+00 
1.5616000e+04 4.3604560e+00 
1.5744000e+04 3.6127369e+00 
1.5872000e+04 3.3138797e+00 
1.6000000e+04 3.1498277e+00 
1.6128000e+04 2.9806530e+00 
1.6256000e+04 2.8826313e+00 
1.6384000e+04 2.8069150e+00 
1.6512000e+04 2.7982578e+00 
1.6640000e+04 2.7823148e+00 
1.6768000e+04 2.8426285e+00 
1.6896000e+04 2.9374740e+00 
1.7024000e+04 2.9766500e+00 
1.7152000e+04 3.0032396e+00 
1.7280000e+04 3.0462635e+00 
1.7408000e+04 3.0557687e+00 
1.7536000e+04 3.0617759e+00 
1.7664000e+04 3.0788050e+00 
1.7792000e+04 3.1572113e+00 
1.7920000e+04 3.1564310e+00 
1.8048000e+04 3.0842800e+00 
1.8176000e+04 3.0301790e+00 
1.8304000e+04 3.0527823e+00 
1.8432000e+04 3.0879514e+00 
1.8560000e+04 3.0251260e+00 
1.8688000e+04 2.9803252e+00 
1.8816000e+04 2.9499173e+00 
1.8944000e+04 2.9733515e+00 
1.9072000e+04 2.9704154e+00 
1.9200000e+04 3.0543206e+00 
1.9328000e+04 3.0406005e+00 
1.9456000e+04 3.1353860e+00 
1.9584000e+04 3.3154218e+00 
1.9712000e+04 2.9672649e+00 
1.9840000e+04 2.6816623e+00 
1.9968000e+04 2.6139681e+00 
2.0096000e+04 2.5600934e+00 
2.0224000e+04 2.5118477e+00 
2.0352000e+04 2.4708731e+00 
2.0480000e+04 2.4087985e+00 
2.0608000e+04 2.3385019e+00 
2.0736000e+04 2.4922318e+00 
2.0864000e+04 2.5027623e+00 
2.0992000e+04 2.2348280e+00 
2.1120000e+04 2.1768069e+00 
2.1248000e+04 2.1013651e+00 
2.1376000e+04 2.0601308e+00 
2.1504000e+04 2.0319443e+00 
2.1632000e+04 1.9551123e+00 
2.1760000e+04 1.8948898e+00 
2.1888000e+04 1.8807834e+00 
2.2016000e+04 1.8061495e+00 
2.2144000e+04 1.7538486e+00 
2.2272000e+04 1.7312716e+00 
2.2400000e+04 1.7399731e+00 
2.2528000e+04 1.7188898e+00 
2.2656000e+04 1.6928923e+00 
2.2784000e+04 1.6951196e+00 
2.2912000e+04 1.7252767e+00 
2.3040000e+04 1.6922246e+00 
2.3168000e+04 1.6414562e+00 
2.3296000e+04 1.6503429e+00 
2.3424000e+04 1.6474591e+00 
2.3552000e+04 1.6196795e+00 
2.3680000e+04 1.5997257e+00 
2.3808000e+04 1.6133862e+00 
2.3936000e+04 1.6436824e+00 
2.4064000e+04 1.6501373e+00 
2.4192000e+04 1.5896934e+00 
2.4320000e+04 1.5569202e+00 
2.4448000e+04 1.5579103e+00 
2.4576000e+04 1.5659033e+00 
2.4704000e+04 1.5607479e+00 
2.4832000e+04 1.5512419e+00 
2.4960000e+04 1.5529484e+00 
2.5088000e+04 1.5461601e+00 
2.5216000e+04 1.5185003e+00 
2.5344000e+04 1.5024050e+00 
2.5472000e+04 1.4966117e+00 
2.5600000e+04 1.4756250e+00 
2.5728000e+04 1.4802234e+00 
2.5856000e+04 1.4816092e+00 
2.5984000e+04 1.4600695e+00 
2.6112000e+04 1.4394671e+00 
2.6240000e+04 1.4384762e+00 
2.6368000e+04 1.4495546e+00 
2.6496000e+04 1.4623613e+00 
2.6624000e+04 1.4568846e+00 
2.6752000e+04 1.4772834e+00 
2.6880000e+04 1.5046183e+00 
2.7008000e+04 1.4990047e+00 
2.7136000e+04 1.4575766e+00 
2.7264000e+04 1.4387578e+00 
2.7392000e+04 1.4333620e+00 
2.7520000e+04 1.4395401e+00 
2.7648000e+04 1.5853511e+00 
2.7776000e+04 3.0919766e+00 
2.7904000e+04 3.1724641e+00 
2.8032000e+04 1.6411411e+00 
2.8160000e+04 1.4394748e+00 
2.8288000e+04 1.4179056e+00 
2.8416000e+04 1.4081122e+00 
2.8544000e+04 1.3990033e+00 
2.8672000e+04 1.3933326e+00 
2.8800000e+04 1.3972987e+00 
2.8928000e+04 1.4029367e+00 
2.9056000e+04 1.4058654e+00 
2.9184000e+04 1.4119720e+00 
2.9312000e+04 1.4136420e+00 
2.9440000e+04 1.4144007e+00 
2.9568000e+04 1.4202509e+00 
2.9696000e+04 1.4193305e+00 
2.9824000e+04 1.4224548e+00 
2.9952000e+04 1.4224740e+00 
3.0080000e+04 1.4285430e+00 
3.0208000e+04 1.4228867e+00 
3.0336000e+04 1.4262913e+00 
3.0464000e+04 1.4388915e+00 
3.0592000e+04 1.4096861e+00 
3.0720000e+04 1.4090972e+00 
3.0848000e+04 1.4199388e+00 
3.0976000e+04 1.4213130e+00 
3.1104000e+04 1.4175063e+00 
3.1232000e+04 1.4167606e+00 
3.1360000e+04 1.3969834e+00 
3.1488000e+04 1.3905898e+00 
3.1616000e+04 1.3954788e+00 
3.1744000e+04 1.3547784e+00 
3.1872000e+04 1.3709486e+00 
3.2000000e+04 1.3867787e+00 
3.2128000e+04 1.3605011e+00 
3.2256000e+04 1.3179641e+00 
3.2384000e+04 1.3203722e+00 
3.2512000e+04 1.3151368e+00 
3.2640000e+04 1.3129539e+00 
3.2768000e+04 1.3256629e+00 
3.2896000e+04 1.3299843e+00 
3.3024000e+04 1.3353261e+00 
3.3152000e+04 1.3243275e+00 
3.3280000e+04 1.3338192e+00 
3.3408000e+04 1.3378696e+00 
3.3536000e+04 1.3317176e+00 
3.3664000e+04 1.3415867e+00 
3.3792000e+04 1.3499619e+00 
3.3920000e+04 1.3486156e+00 
3.4048000e+04 1.3604622e+00 
3.4176000e+04 1.3338771e+00 
3.4304000e+04 1.3145479e+00 
3.4432000e+04 1.3129880e+00 
3.4560000e+04 1.2940685e+00 
3.4688000e+04 1.2860452e+00 
3.4816000e+04 1.2827463e+00 
3.4944000e+04 1.2762843e+00 
3.5072000e+04 1.2765733e+00 
3.5200000e+04 1.2739489e+00 
3.5328000e+04 1.2640418e+00 
3.5456000e+04 1.2654932e+00 
3.5584000e+04 1.2783296e+00 
3.5712000e+04 1.2671885e+00 
3.5840000e+04 1.2518628e+00 
3.5968000e+04 1.2566212e+00 
3.6096000e+04 1.2646397e+00 
3.6224000e+04 1.2682899e+00 
3.6352000e+04 1.2688599e+00 
3.6480000e+04 1.2601409e+00 
3.6608000e+04 1.2672182e+00 
3.6736000e+04 1.2771831e+00 
3.6864000e+04 1.2604988e+00 
3.6992000e+04 1.2775335e+00 
3.7120000e+04 1.2726494e+00 
3.7248000e+04 1.2873845e+00 
3.7376000e+04 1.3029348e+00 
3.7504000e+04 1.2943051e+00 
3.7632000e+04 1.2818177e+00 
3.7760000e+04 1.2860755e+00 
3.7888000e+04 1.3214966e+00 
3.8016000e+04 1.2991353e+00 
3.8144000e+04 1.2891753e+00 
3.8272000e+04 1.3275658e+00 
3.8400000e+04 1.3137529e+00 
3.8528000e+04 1.2906959e+00 
3.8656000e+04 1.3346530e+00 
3.8784000e+04 1.3370943e+00 
3.8912000e+04 1.3543338e+00 
3.9040000e+04 1.4006367e+00 
3.9168000e+04 1.3804690e+00 
3.9296000e+04 1.3832797e+00 
3.9424000e+04 1.4371470e+00 
3.9552000e+04 1.4100424e+00 
3.9680000e+04 1.4076948e+00 
3.9808000e+04 1.5155634e+00 
3.9936000e+04 1.6297332e+00 
4.0064000e+04 1.6250817e+00 
4.0192000e+04 1.6257248e+00 
4.0320000e+04 1.4667658e+00 
4.0448000e+04 1.3618206e+00 
4.0576000e+04 1.3669385e+00 
4.0704000e+04 1.4810963e+00 
4.0832000e+04 1.5444576e+00 
4.0960000e+04 1.4547008e+00 
4.1088000e+04 1.3256835e+00 
4.1216000e+04 1.2788761e+00 
4.1344000e+04 1.2653165e+00 
4.1472000e+04 1.2703084e+00 
4.1600000e+04 1.2604491e+00 
4.1728000e+04 1.2643918e+00 
4.1856000e+04 1.2671155e+00 
4.1984000e+04 1.2648442e+00 
4.2112000e+04 1.2458502e+00 
4.2240000e+04 1.2404771e+00 
4.2368000e+04 1.2806934e+00 
4.2496000e+04 1.3080164e+00 
4.2624000e+04 1.2889678e+00 
4.2752000e+04 1.2772318e+00 
4.2880000e+04 1.2843974e+00 
4.3008000e+04 1.2813182e+00 
4.3136000e+04 1.2810477e+00 
4.3264000e+04 1.2793170e+00 
4.3392000e+04 1.2762415e+00 
4.3520000e+04 1.2509528e+00 
4.3648000e+04 1.2409978e+00 
4.3776000e+04 1.2466472e+00 
4.3904000e+04 1.2611324e+00 
4.4032000e+04 1.2742615e+00 
4.4160000e+04 1.2587135e+00 
4.4288000e+04 1.2645285e+00 
4.4416000e+04 1.2625588e+00 
4.4544000e+04 1.2445621e+00 
4.4672000e+04 1.2338095e+00 
4.4800000e+04 1.2439268e+00 
4.4928000e+04 1.2461002e+00 
4.5056000e+04 1.2540077e+00 
4.5184000e+04 1.2531343e+00 
4.5312000e+04 1.2554657e+00 
4.5440000e+04 1.2669216e+00 
4.5568000e+04 1.2413290e+00 
4.5696000e+04 1.2415041e+00 
4.5824000e+04 1.2582916e+00 
4.5952000e+04 1.2598283e+00 
4.6080000e+04 1.2634312e+00 
4.6208000e+04 1.2576582e+00 
4.6336000e+04 1.2484095e+00 
4.6464000e+04 1.2442241e+00 
4.6592000e+04 1.2688494e+00 
4.6720000e+04 1.2589775e+00 
4.6848000e+04 1.2455347e+00 
4.6976000e+04 1.2503357e+00 
4.7104000e+04 1.2641803e+00 
4.7232000e+04 1.2548630e+00 
4.7360000e+04 1.2630109e+00 
4.7488000e+04 1.2624217e+00 
4.7616000e+04 1.2476033e+00 
4.7744000e+04 1.2623538e+00 
4.7872000e+04 1.2905964e+00 
4.8000000e+04 1.3029578e+00 
4.8128000e+04 1.2694088e+00 
4.8256000e+04 1.2652044e+00 
4.8384000e+04 1.2713304e+00 
4.8512000e+04 1.2686346e+00 
4.8640000e+04 1.2598330e+00 
4.8768000e+04 1.2629032e+00 
4.8896000e+04 1.2530478e+00 
4.9024000e+04 1.2472781e+00 
4.9152000e+04 1.2428535e+00 
4.9280000e+04 1.2460229e+00 
4.9408000e+04 1.2393397e+00 
4.9536000e+04 1.2306248e+00 
4.9664000e+04 1.2420229e+00 
4.9792000e+04 1.2395388e+00 
4.9920000e+04 1.2340049e+00 
5.0048000e+04 1.2302805e+00 
5.0176000e+04 1.2401525e+00 
5.0304000e+04 1.2554562e+00 
5.0432000e+04 1.2404947e+00 
5.0560000e+04 1.2381184e+00 
5.0688000e+04 1.2242049e+00 
5.0816000e+04 1.2196100e+00 
5.0944000e+04 1.2198683e+00 
5.1072000e+04 1.2362896e+00 
5.1200000e+04 1.2460248e+00 
5.1328000e+04 1.2458625e+00 
5.1456000e+04 1.2347929e+00 
5.1584000e+04 1.2307016e+00 
5.1712000e+04 1.2467074e+00 
5.1840000e+04 1.2579077e+00 
5.1968000e+04 1.2550197e+00 
5.2096000e+04 1.2382652e+00 
5.2224000e+04 1.2343650e+00 
5.2352000e+04 1.2448499e+00 
5.2480000e+04 1.2643080e+00 
5.2608000e+04 1.2571490e+00 
5.2736000e+04 1.2596756e+00 
5.2864000e+04 1.2628556e+00 
5.2992000e+04 1.2515706e+00 
5.3120000e+04 1.2644467e+00 
5.3248000e+04 1.2758876e+00 
5.3376000e+04 1.2602473e+00 
5.3504000e+04 1.2643812e+00 
5.3632000e+04 1.2752662e+00 
5.3760000e+04 1.2678643e+00 
5.3888000e+04 1.2570057e+00 
5.4016000e+04 1.2690061e+00 
5.4144000e+04 1.2685914e+00 
5.4272000e+04 1.2487676e+00 
5.4400000e+04 1.2517297e+00 
5.4528000e+04 1.2513095e+00 
5.4656000e+04 1.2388486e+00 
5.4784000e+04 1.2354769e+00 
5.4912000e+04 1.2385951e+00 
5.5040000e+04 1.2532427e+00 
5.5168000e+04 1.2572038e+00 
5.5296000e+04 1.2598337e+00 
5.5424000e+04 1.2520721e+00 
5.5552000e+04 1.2568935e+00 
5.5680000e+04 1.2581056e+00 
5.5808000e+04 1.2566401e+00 
5.5936000e+04 1.2915124e+00 
5.6064000e+04 1.2723612e+00 
5.6192000e+04 1.2416714e+00 
5.6320000e+04 1.2564485e+00 
5.6448000e+04 1.2503805e+00 
5.6576000e+04 1.2727028e+00 
5.6704000e+04 1.2906603e+00 
5.6832000e+04 1.2987251e+00 
5.6960000e+04 1.2777636e+00 
5.7088000e+04 1.2753378e+00 
5.7216000e+04 1.2637345e+00 
5.7344000e+04 1.2549992e+00 
5.7472000e+04 1.2553016e+00 
5.7600000e+04 1.2485660e+00 
5.7728000e+04 1.2546382e+00 
5.7856000e+04 1.2423953e+00 
5.7984000e+04 1.2417396e+00 
5.8112000e+04 1.2534183e+00 
5.8240000e+04 1.2422636e+00 
5.8368000e+04 1.2320118e+00 
5.8496000e+04 1.2409985e+00 
5.8624000e+04 1.2340854e+00 
5.8752000e+04 1.2843877e+00 
5.8880000e+04 1.2501012e+00 
5.9008000e+04 1.2331554e+00 
5.9136000e+04 1.2364477e+00 
5.9264000e+04 1.2332659e+00 
5.9392000e+04 1.2355078e+00 
5.9520000e+04 1.2329693e+00 
5.9648000e+04 1.2406596e+00 
5.9776000e+04 1.2446340e+00 
5.9904000e+04 1.3190873e+00 
6.0032000e+04 1.3103676e+00 
6.0160000e+04 1.2325006e+00 
6.0288000e+04 1.2543174e+00 
6.0416000e+04 1.2394927e+00 
6.0544000e+04 1.2427150e+00 
6.0672000e+04 1.2400540e+00 
6.0800000e+04 1.2372984e+00 
6.0928000e+04 1.2437093e+00 
6.1056000e+04 1.2509913e+00 
6.1184000e+04 1.2587415e+00 
6.1312000e+04 1.2404883e+00 
6.1440000e+04 1.2414038e+00 
6.1568000e+04 1.2660396e+00 
6.1696000e+04 1.2701775e+00 
6.1824000e+04 1.2858703e+00 
6.1952000e+04 1.2717535e+00 
6.2080000e+04 1.2593482e+00 
6.2208000e+04 1.2471963e+00 
6.2336000e+04 1.2511201e+00 
6.2464000e+04 1.2719415e+00 
6.2592000e+04 1.2885280e+00 
6.2720000e+04 1.2742964e+00 
6.2848000e+04 1.2546893e+00 
6.2976000e+04 1.2639431e+00 
6.3104000e+04 1.2710065e+00 
6.3232000e+04 1.2874340e+00 
6.3360000e+04 1.3063201e+00 
6.3488000e+04 1.2894975e+00 
6.3616000e+04 1.2683502e+00 
6.3744000e+04 1.2717022e+00 
6.3872000e+04 1.3019398e+00 
6.4000000e+04 1.3359945e+00 
6.4128000e+04 1.3086828e+00 
6.4256000e+04 1.3082619e+00 
6.4384000e+04 1.3439168e+00 
6.4512000e+04 1.3748884e+00 
6.4640000e+04 1.3858387e+00 
6.4768000e+04 1.3998036e+00 
6.4896000e+04 1.4002073e+00 
6.5024000e+04 1.3869731e+00 
6.5152000e+04 1.3663822e+00 
6.5280000e+04 1.3239781e+00 
6.5408000e+04 1.3064364e+00 
6.5536000e+04 1.3028812e+00 
6.5664000e+04 1.2892945e+00 
6.5792000e+04 1.2910131e+00 
6.5920000e+04 1.2884022e+00 
6.6048000e+04 1.2915295e+00 
6.6176000e+04 1.2870948e+00 
6.6304000e+04 1.2860882e+00 
6.6432000e+04 1.2821398e+00 
6.6560000e+04 1.2578477e+00 
6.6688000e+04 1.2563388e+00 
6.6816000e+04 1.2537136e+00 
6.6944000e+04 1.2562770e+00 
6.7072000e+04 1.2402898e+00 
6.7200000e+04 1.2349128e+00 
6.7328000e+04 1.2483131e+00 
6.7456000e+04 1.2567172e+00 
6.7584000e+04 1.2500532e+00 
6.7712000e+04 1.2417994e+00 
6.7840000e+04 1.2416979e+00 
6.7968000e+04 1.2528290e+00 
6.8096000e+04 1.2771895e+00 
6.8224000e+04 1.2923758e+00 
6.8352000e+04 1.2671535e+00 
6.8480000e+04 1.2423424e+00 
6.8608000e+04 1.2555428e+00 
6.8736000e+04 1.2612774e+00 
6.8864000e+04 1.2479721e+00 
6.8992000e+04 1.2464863e+00 
6.9120000e+04 1.2974019e+00 
6.9248000e+04 1.3308530e+00 
6.9376000e+04 1.3123157e+00 
6.9504000e+04 1.2634355e+00 
6.9632000e+04 1.2498064e+00 
6.9760000e+04 1.2524741e+00 
6.9888000e+04 1.2517282e+00 
7.0016000e+04 1.2400272e+00 
7.0144000e+04 1.2410656e+00 
7.0272000e+04 1.2521055e+00 
7.0400000e+04 1.2526561e+00 
7.0528000e+04 1.2546344e+00 
7.0656000e+04 1.2650530e+00 
7.0784000e+04 1.2615906e+00 
7.0912000e+04 1.2702097e+00 
7.1040000e+04 1.2602543e+00 
7.1168000e+04 1.2548109e+00 
7.1296000e+04 1.2756454e+00 
7.1424000e+04 1.2951125e+00 
7.1552000e+04 1.2938809e+00 
7.1680000e+04 1.2788947e+00 
7.1808000e+04 1.2760603e+00 
7.1936000e+04 1.3634855e+00 
7.2064000e+04 1.3531173e+00 
7.2192000e+04 1.2971169e+00 
7.2320000e+04 1.3043532e+00 
7.2448000e+04 1.3122185e+00 
7.2576000e+04 1.3232950e+00 
7.2704000e+04 1.3501837e+00 
7.2832000e+04 1.3888091e+00 
7.2960000e+04 1.3914558e+00 
7.3088000e+04 1.3524066e+00 
7.3216000e+04 1.3017803e+00 
7.3344000e+04 1.2755598e+00 
7.3472000e+04 1.2739220e+00 
7.3600000e+04 1.2819213e+00 
7.3728000e+04 1.3066126e+00 
7.3856000e+04 1.3405663e+00 
7.3984000e+04 1.3525947e+00 
7.4112000e+04 1.3025895e+00 
7.4240000e+04 1.2754505e+00 
7.4368000e+04 1.2817627e+00 
7.4496000e+04 1.2896594e+00 
7.4624000e+04 1.2914580e+00 
7.4752000e+04 1.2897015e+00 
7.4880000e+04 1.2931219e+00 
7.5008000e+04 1.2711293e+00 
7.5136000e+04 1.2589414e+00 
7.5264000e+04 1.2684332e+00 
7.5392000e+04 1.2799770e+00 
7.5520000e+04 1.2681742e+00 
7.5648000e+04 1.2676896e+00 
7.5776000e+04 1.2978868e+00 
7.5904000e+04 1.2786628e+00 
7.6032000e+04 1.2608227e+00 
7.6160000e+04 1.2497072e+00 
7.6288000e+04 1.2590685e+00 
7.6416000e+04 1.2519070e+00 
7.6544000e+04 1.2568214e+00 
7.6672000e+04 1.2590426e+00 
7.6800000e+04 1.2588133e+00 
7.6928000e+04 1.2657784e+00 
7.7056000e+04 1.2717969e+00 
7.7184000e+04 1.2595131e+00 
7.7312000e+04 1.2554795e+00 
7.7440000e+04 1.2589583e+00 
7.7568000e+04 1.2541401e+00 
7.7696000e+04 1.2655389e+00 
7.7824000e+04 1.2627561e+00 
7.7952000e+04 1.2798831e+00 
7.8080000e+04 1.2673546e+00 
7.8208000e+04 1.2735612e+00 
7.8336000e+04 1.3108643e+00 
7.8464000e+04 1.2852969e+00 
7.8592000e+04 1.2656653e+00 
7.8720000e+04 1.2502475e+00 
7.8848000e+04 1.2622865e+00 
7.8976000e+04 1.2706555e+00 
7.9104000e+04 1.2804799e+00 
7.9232000e+04 1.2772224e+00 
7.9360000e+04 1.2633421e+00 
7.9488000e+04 1.2664236e+00 
7.9616000e+04 1.2855697e+00 
7.9744000e+04 1.2880507e+00 
7.9872000e+04 1.3377817e+00 
8.0000000e+04 1.4218102e+00 
8.0128000e+04 1.3421427e+00 
8.0256000e+04 1.3061280e+00 
8.0384000e+04 1.3183340e+00 
8.0512000e+04 1.3275956e+00 
8.0640000e+04 1.3842127e+00 
8.0768000e+04 1.4925002e+00 
8.0896000e+04 1.4602406e+00 
8.1024000e+04 1.3554860e+00 
8.1152000e+04 1.3143659e+00 
8.1280000e+04 1.3019063e+00 
8.1408000e+04 1.3071474e+00 
8.1536000e+04 1.3120959e+00 
8.1664000e+04 1.3009288e+00 
8.1792000e+04 1.3062676e+00 
8.1920000e+04 1.3054734e+00 
8.2048000e+04 1.2883885e+00 
8.2176000e+04 1.2796016e+00 
8.2304000e+04 1.2977424e+00 
8.2432000e+04 1.3285093e+00 
8.2560000e+04 1.3150707e+00 
8.2688000e+04 1.3001271e+00 
8.2816000e+04 1.2912496e+00 
8.2944000e+04 1.2999947e+00 
8.3072000e+04 1.3023707e+00 
8.3200000e+04 1.3011807e+00 
8.3328000e+04 1.2993083e+00 
8.3456000e+04 1.2962735e+00 
8.3584000e+04 1.2909495e+00 
8.3712000e+04 1.2974222e+00 
8.3840000e+04 1.2961215e+00 
8.3968000e+04 1.2909081e+00 
8.4096000e+04 1.2933604e+00 
8.4224000e+04 1.3033977e+00 
8.4352000e+04 1.3164995e+00 
8.4480000e+04 1.3122932e+00 
8.4608000e+04 1.2842389e+00 
8.4736000e+04 1.2738639e+00 
8.4864000e+04 1.2824789e+00 
8.4992000e+04 1.3054883e+00 
8.5120000e+04 1.3145208e+00 
8.5248000e+04 1.3096648e+00 
8.5376000e+04 1.2959744e+00 
8.5504000e+04 1.3128276e+00 
8.5632000e+04 1.3365086e+00 
8.5760000e+04 1.3551339e+00 
8.5888000e+04 1.3786255e+00 
8.6016000e+04 1.3894634e+00 
8.6144000e+04 1.3713884e+00 
8.6272000e+04 1.3465148e+00 
8.6400000e+04 1.3211141e+00 
8.6528000e+04 1.3055402e+00 
8.6656000e+04 1.2873466e+00 
8.6784000e+04 1.3144138e+00 
8.6912000e+04 1.3453380e+00 
8.7040000e+04 1.3669777e+00 
8.7168000e+04 1.3464246e+00 
8.7296000e+04 1.3380176e+00 
8.7424000e+04 1.3443650e+00 
8.7552000e+04 1.3833658e+00 
8.7680000e+04 1.3704984e+00 
8.7808000e+04 1.3602911e+00 
8.7936000e+04 1.4370687e+00 
8.8064000e+04 1.4389592e+00 
8.8192000e+04 1.3558638e+00 
8.8320000e+04 1.3515340e+00 
8.8448000e+04 1.3471030e+00 
8.8576000e+04 1.3375922e+00 
8.8704000e+04 1.3474371e+00 
8.8832000e+04 1.3613557e+00 
8.8960000e+04 1.3588423e+00 
8.9088000e+04 1.3368961e+00 
8.9216000e+04 1.3497124e+00 
8.9344000e+04 1.3549395e+00 
8.9472000e+04 1.3357888e+00 
8.9600000e+04 1.3432584e+00 
8.9728000e+04 1.3434647e+00 
8.9856000e+04 1.3635945e+00 
8.9984000e+04 1.4023100e+00 
9.0112000e+04 1.3982565e+00 
9.0240000e+04 1.3928828e+00 
9.0368000e+04 1.3800545e+00 
9.0496000e+04 1.3573153e+00 
9.0624000e+04 1.3751801e+00 
9.0752000e+04 1.4120331e+00 
9.0880000e+04 1.4206814e+00 
9.1008000e+04 1.3863614e+00 
9.1136000e+04 1.3669356e+00 
9.1264000e+04 1.3759480e+00 
9.1392000e+04 1.3725666e+00 
9.1520000e+04 1.3540993e+00 
9.1648000e+04 1.3487443e+00 
9.1776000e+04 1.3625289e+00 
9.1904000e+04 1.3582001e+00 
9.2032000e+04 1.3519644e+00 
9.2160000e+04 1.3615983e+00 
9.2288000e+04 1.3631258e+00 
9.2416000e+04 1.3935148e+00 
9.2544000e+04 1.3838656e+00 
9.2672000e+04 1.3642304e+00 
9.2800000e+04 1.3745126e+00 
9.2928000e+04 1.3879836e+00 
9.3056000e+04 1.3854491e+00 
9.3184000e+04 1.4153270e+00 
9.3312000e+04 1.4433430e+00 
9.3440000e+04 1.5105648e+00 
9.3568000e+04 1.5847214e+00 
9.3696000e+04 1.5979667e+00 
9.3824000e+04 1.6559365e+00 
9.3952000e+04 1.6391534e+00 
9.4080000e+04 1.5336114e+00 
9.4208000e+04 1.4765959e+00 
9.4336000e+04 1.4806845e+00 
9.4464000e+04 1.5226475e+00 
9.4592000e+04 1.5805182e+00 
9.4720000e+04 1.7111777e+00 
9.4848000e+04 1.9502281e+00 
9.4976000e+04 2.1749189e+00 
9.5104000e+04 2.2142704e+00 
9.5232000e+04 2.1055894e+00 
9.5360000e+04 2.3190973e+00 
9.5488000e+04 2.4664514e+00 
9.5616000e+04 2.3064463e+00 
9.5744000e+04 2.1336780e+00 
9.5872000e+04 2.1614268e+00 
9.6000000e+04 2.3060172e+00 
9.6128000e+04 2.1632438e+00 
9.6256000e+04 2.1905432e+00 
9.6384000e+04 2.5377486e+00 
9.6512000e+04 3.2466681e+00 
9.6640000e+04 3.6856422e+00 
9.6768000e+04 3.5369844e+00 
9.6896000e+04 3.3708355e+00 
9.7024000e+04 2.9816587e+00 
9.7152000e+04 2.6016078e+00 
9.7280000e+04 2.1922979e+00 
9.7408000e+04 1.8341237e+00 
9.7536000e+04 1.7629174e+00 
9.7664000e+04 2.4870532e+00 
9.7792000e+04 3.6318870e+00 
9.7920000e+04 4.3952618e+00 
9.8048000e+04 3.7807763e+00 
9.8176000e+04 2.0889819e+00 
9.8304000e+04 1.7556170e+00 
9.8432000e+04 1.8240948e+00 
9.8560000e+04 1.8265504e+00 
9.8688000e+04 1.6924735e+00 
9.8816000e+04 1.6140492e+00 
9.8944000e+04 1.5549251e+00 
9.9072000e+04 1.4866478e+00 
9.9200000e+04 1.4567763e+00 
9.9328000e+04 1.4902204e+00 
9.9456000e+04 1.5070890e+00 
9.9584000e+04 1.4967602e+00 
9.9712000e+04 1.5096427e+00 
9.9840000e+04 1.5534409e+00 
9.9968000e+04 1.5699424e+00 
1.0009600e+05 1.5172753e+00 
1.0022400e+05 1.4632391e+00 
1.0035200e+05 1.4471430e+00 
1.0048000e+05 1.4500719e+00 
1.0060800e+05 1.4471778e+00 
1.0073600e+05 1.4529607e+00 
1.0086400e+05 1.4515536e+00 
1.0099200e+05 1.4592054e+00 
1.0112000e+05 1.4988024e+00 
1.0124800e+05 1.5484248e+00 
1.0137600e+05 1.5836822e+00 
1.0150400e+05 1.5715376e+00 
1.0163200e+05 1.5212814e+00 
1.0176000e+05 1.4831161e+00 
1.0188800e+05 1.5130155e+00 
1.0201600e+05 1.5854579e+00 
1.0214400e+05 1.5781914e+00 
1.0227200e+05 1.6218423e+00 
1.0240000e+05 1.8375690e+00 
