0.0000000e+00 2.2122197e-02 
1.2800000e+02 1.2187453e-02 
2.5600000e+02 3.0060576e-03 
3.8400000e+02 1.9539720e-03 
5.1200000e+02 1.0215956e-03 
6.4000000e+02 5.2662281e-04 
7.6800000e+02 5.6188460e-04 
8.9600000e+02 4.8550099e-04 
1.0240000e+03 3.4839474e-04 
1.1520000e+03 4.8124409e-04 
1.2800000e+03 5.9197756e-04 
1.4080000e+03 4.7585485e-04 
1.5360000e+03 3.1938773e-04 
1.6640000e+03 3.2547521e-04 
1.7920000e+03 3.8719032e-04 
1.9200000e+03 3.7639908e-04 
2.0480000e+03 4.2129919e-04 
2.1760000e+03 4.1550983e-04 
2.3040000e+03 3.3941364e-04 
2.4320000e+03 3.5365415e-04 
2.5600000e+03 3.2282961e-04 
2.6880000e+03 2.1676777e-04 
2.8160000e+03 2.1391580e-04 
2.9440000e+03 3.1398225e-04 
3.0720000e+03 3.0537049e-04 
3.2000000e+03 2.0256975e-04 
3.3280000e+03 1.9449598e-04 
3.4560000e+03 2.7772697e-04 
3.5840000e+03 1.0075831e-03 
3.7120000e+03 1.5691067e-03 
3.8400000e+03 6.5292127e-04 
3.9680000e+03 3.1982761e-04 
4.0960000e+03 2.6763120e-04 
4.2240000e+03 1.9566191e-04 
4.3520000e+03 2.5167028e-04 
4.4800000e+03 2.6187737e-04 
4.6080000e+03 2.1239085e-04 
4.7360000e+03 1.9646023e-04 
4.8640000e+03 2.2880957e-04 
4.9920000e+03 2.6342177e-04 
5.1200000e+03 2.1154487e-04 
5.2480000e+03 1.7009943e-04 
5.3760000e+03 1.7848029e-04 
5.5040000e+03 2.1802867e-04 
5.6320000e+03 1.9354068e-04 
5.7600000e+03 2.2900397e-04 
5.8880000e+03 2.4183634e-04 
6.0160000e+03 2.0370600e-04 
6.1440000e+03 1.5082340e-04 
6.2720000e+03 1.3756595e-04 
6.4000000e+03 1.4416757e-04 
6.5280000e+03 1.5685245e-04 
6.6560000e+03 1.3078755e-04 
6.7840000e+03 1.2214453e-04 
6.9120000e+03 1.4029702e-04 
7.0400000e+03 1.5275308e-04 
7.1680000e+03 1.2559265e-04 
7.2960000e+03 1.2283114e-04 
7.4240000e+03 1.7098240e-04 
7.5520000e+03 1.7157893e-04 
7.6800000e+03 1.1909111e-04 
7.8080000e+03 1.1677309e-04 
7.9360000e+03 2.3195393e-04 
8.0640000e+03 2.3246066e-04 
8.1920000e+03 1.1763444e-04 
8.3200000e+03 1.1379515e-04 
8.4480000e+03 1.3142143e-04 
8.5760000e+03 1.2751430e-04 
8.7040000e+03 1.1202205e-04 
8.8320000e+03 1.1662157e-04 
8.9600000e+03 1.3169443e-04 
9.0880000e+03 1.2544195e-04 
9.2160000e+03 1.1167525e-04 
9.3440000e+03 1.1018322e-04 
9.4720000e+03 1.2330421e-04 
9.6000000e+03 1.1644379e-04 
9.7280000e+03 1.1377403e-04 
9.8560000e+03 1.4487162e-04 
9.9840000e+03 1.7639381e-04 
1.0112000e+04 1.2416499e-04 
1.0240000e+04 1.0737086e-04 
1.0368000e+04 1.0803449e-04 
1.0496000e+04 1.1822487e-04 
1.0624000e+04 1.2127179e-04 
1.0752000e+04 1.2844987e-04 
1.0880000e+04 1.1875755e-04 
1.1008000e+04 1.2495773e-04 
1.1136000e+04 1.2241754e-04 
1.1264000e+04 1.2099469e-04 
1.1392000e+04 1.3189563e-04 
1.1520000e+04 1.5661154e-04 
1.1648000e+04 2.1275682e-04 
1.1776000e+04 2.2094397e-04 
1.1904000e+04 1.7836891e-04 
1.2032000e+04 1.3897424e-04 
1.2160000e+04 1.1346440e-04 
1.2288000e+04 1.0578384e-04 
1.2416000e+04 1.0541028e-04 
1.2544000e+04 1.0066924e-04 
1.2672000e+04 9.6217584e-05 
1.2800000e+04 9.7255157e-05 
1.2928000e+04 9.9028664e-05 
1.3056000e+04 9.5767435e-05 
1.3184000e+04 9.1647082e-05 
1.3312000e+04 9.0635287e-05 
1.3440000e+04 9.3141025e-05 
1.3568000e+04 9.4061841e-05 
1.3696000e+04 9.2034395e-05 
1.3824000e+04 9.0956491e-05 
1.3952000e+04 9.3465358e-05 
1.4080000e+04 9.0746413e-05 
1.4208000e+04 8.9358553e-05 
1.4336000e+04 9.2322531e-05 
1.4464000e+04 9.3950577e-05 
1.4592000e+04 9.0568043e-05 
1.4720000e+04 9.0687849e-05 
1.4848000e+04 9.9661083e-05 
1.4976000e+04 1.1053510e-04 
1.5104000e+04 1.9916813e-04 
1.5232000e+04 3.6804267e-04 
1.5360000e+04 2.2227503e-04 
1.5488000e+04 9.2562172e-05 
1.5616000e+04 8.9783200e-05 
1.5744000e+04 8.7810273e-05 
1.5872000e+04 1.4544259e-04 
1.6000000e+04 2.4299494e-04 
1.6128000e+04 1.4230984e-04 
1.6256000e+04 8.7295412e-05 
1.6384000e+04 8.7621222e-05 
1.6512000e+04 9.0173831e-05 
1.6640000e+04 9.1755515e-05 
1.6768000e+04 9.2709750e-05 
1.6896000e+04 9.1974995e-05 
1.7024000e+04 9.1941780e-05 
1.7152000e+04 8.6811575e-05 
1.7280000e+04 8.4278981e-05 
1.7408000e+04 8.8483292e-05 
1.7536000e+04 8.8351655e-05 
1.7664000e+04 8.2732920e-05 
1.7792000e+04 8.0778394e-05 
1.7920000e+04 8.4510073e-05 
1.8048000e+04 8.7901048e-05 
1.8176000e+04 8.5548869e-05 
1.8304000e+04 8.6776890e-05 
1.8432000e+04 9.1605427e-05 
1.8560000e+04 8.6526197e-05 
1.8688000e+04 8.1496692e-05 
1.8816000e+04 8.1165126e-05 
1.8944000e+04 8.5112370e-05 
1.9072000e+04 8.3091960e-05 
1.9200000e+04 7.9336700e-05 
1.9328000e+04 7.9149984e-05 
1.9456000e+04 8.9275585e-05 
1.9584000e+04 1.1323939e-04 
1.9712000e+04 9.1199588e-05 
1.9840000e+04 7.8710182e-05 
1.9968000e+04 8.0669823e-05 
2.0096000e+04 7.9961101e-05 
2.0224000e+04 7.8383498e-05 
2.0352000e+04 7.9486585e-05 
2.0480000e+04 8.0985134e-05 
2.0608000e+04 7.8798461e-05 
2.0736000e+04 7.8121710e-05 
2.0864000e+04 7.6816272e-05 
2.0992000e+04 7.7668083e-05 
2.1120000e+04 7.7473553e-05 
2.1248000e+04 7.7399585e-05 
2.1376000e+04 7.6705699e-05 
2.1504000e+04 7.6527445e-05 
2.1632000e+04 7.5528005e-05 
2.1760000e+04 7.4710493e-05 
2.1888000e+04 7.6533994e-05 
2.2016000e+04 7.7962075e-05 
2.2144000e+04 7.6134384e-05 
2.2272000e+04 7.6069875e-05 
2.2400000e+04 7.9846352e-05 
2.2528000e+04 7.6923119e-05 
2.2656000e+04 7.6251839e-05 
2.2784000e+04 7.6934099e-05 
2.2912000e+04 7.5737189e-05 
2.3040000e+04 7.6531724e-05 
2.3168000e+04 7.6328644e-05 
2.3296000e+04 7.5945194e-05 
2.3424000e+04 7.6752367e-05 
2.3552000e+04 7.5273601e-05 
2.3680000e+04 7.3161420e-05 
2.3808000e+04 7.8341596e-05 
2.3936000e+04 1.5567522e-04 
2.4064000e+04 1.5493712e-04 
2.4192000e+04 7.8050885e-05 
2.4320000e+04 7.3413197e-05 
2.4448000e+04 7.3636249e-05 
2.4576000e+04 7.3964664e-05 
2.4704000e+04 7.6733661e-05 
2.4832000e+04 7.8554003e-05 
2.4960000e+04 7.9131045e-05 
2.5088000e+04 8.2398677e-05 
2.5216000e+04 7.6267912e-05 
2.5344000e+04 7.2853210e-05 
2.5472000e+04 7.2955991e-05 
2.5600000e+04 7.3683397e-05 
2.5728000e+04 7.3824143e-05 
2.5856000e+04 7.2541596e-05 
2.5984000e+04 7.2429146e-05 
2.6112000e+04 7.1268660e-05 
2.6240000e+04 7.1010669e-05 
2.6368000e+04 7.2457224e-05 
2.6496000e+04 7.6297816e-05 
2.6624000e+04 7.8910496e-05 
2.6752000e+04 9.2841765e-05 
2.6880000e+04 1.2040364e-04 
2.7008000e+04 1.1522249e-04 
2.7136000e+04 8.7360611e-05 
2.7264000e+04 7.6298231e-05 
2.7392000e+04 7.2699229e-05 
2.7520000e+04 7.2123381e-05 
2.7648000e+04 7.2847768e-05 
2.7776000e+04 1.1511274e-04 
2.7904000e+04 1.2203474e-04 
2.8032000e+04 7.5748329e-05 
2.8160000e+04 6.9342976e-05 
2.8288000e+04 6.7915185e-05 
2.8416000e+04 6.8240552e-05 
2.8544000e+04 6.8647110e-05 
2.8672000e+04 6.7475026e-05 
2.8800000e+04 6.8246925e-05 
2.8928000e+04 6.7785630e-05 
2.9056000e+04 6.7224268e-05 
2.9184000e+04 6.6594686e-05 
2.9312000e+04 6.6821740e-05 
2.9440000e+04 6.7535431e-05 
2.9568000e+04 6.8208567e-05 
2.9696000e+04 6.7481546e-05 
2.9824000e+04 6.9401394e-05 
2.9952000e+04 7.0042050e-05 
3.0080000e+04 6.7929577e-05 
3.0208000e+04 6.6948713e-05 
3.0336000e+04 6.6341308e-05 
3.0464000e+04 6.6964887e-05 
3.0592000e+04 6.7105837e-05 
3.0720000e+04 6.8565001e-05 
3.0848000e+04 7.1151073e-05 
3.0976000e+04 7.1521856e-05 
3.1104000e+04 6.9521360e-05 
3.1232000e+04 6.7999499e-05 
3.1360000e+04 6.6213302e-05 
3.1488000e+04 6.6617213e-05 
3.1616000e+04 6.6148634e-05 
3.1744000e+04 6.5912071e-05 
3.1872000e+04 8.6165375e-05 
3.2000000e+04 1.2804181e-04 
3.2128000e+04 8.4547384e-05 
3.2256000e+04 6.4813081e-05 
3.2384000e+04 6.5187618e-05 
3.2512000e+04 6.5788001e-05 
3.2640000e+04 6.6038112e-05 
3.2768000e+04 6.6704015e-05 
3.2896000e+04 6.6192006e-05 
3.3024000e+04 6.5823988e-05 
3.3152000e+04 6.4894972e-05 
3.3280000e+04 6.4408581e-05 
3.3408000e+04 6.3893844e-05 
3.3536000e+04 6.3919179e-05 
3.3664000e+04 6.4391614e-05 
3.3792000e+04 6.4615415e-05 
3.3920000e+04 6.4427397e-05 
3.4048000e+04 6.5779335e-05 
3.4176000e+04 6.3848121e-05 
3.4304000e+04 6.2559564e-05 
3.4432000e+04 6.2983701e-05 
3.4560000e+04 6.2041414e-05 
3.4688000e+04 6.1524850e-05 
3.4816000e+04 6.2754189e-05 
3.4944000e+04 6.3045140e-05 
3.5072000e+04 6.3265506e-05 
3.5200000e+04 6.2739855e-05 
3.5328000e+04 6.2837476e-05 
3.5456000e+04 6.4377193e-05 
3.5584000e+04 6.3817351e-05 
3.5712000e+04 6.2502586e-05 
3.5840000e+04 6.2047686e-05 
3.5968000e+04 6.3226973e-05 
3.6096000e+04 6.2937666e-05 
3.6224000e+04 6.2699983e-05 
3.6352000e+04 6.3598207e-05 
3.6480000e+04 6.3085790e-05 
3.6608000e+04 6.3044863e-05 
3.6736000e+04 6.4099935e-05 
3.6864000e+04 6.3668005e-05 
3.6992000e+04 6.2473700e-05 
3.7120000e+04 6.1511077e-05 
3.7248000e+04 6.1604274e-05 
3.7376000e+04 6.3853171e-05 
3.7504000e+04 6.4016873e-05 
3.7632000e+04 6.2661580e-05 
3.7760000e+04 6.2144289e-05 
3.7888000e+04 6.5089065e-05 
3.8016000e+04 6.2937041e-05 
3.8144000e+04 6.0069116e-05 
3.8272000e+04 5.9635659e-05 
3.8400000e+04 5.9254493e-05 
3.8528000e+04 5.9495964e-05 
3.8656000e+04 5.9589318e-05 
3.8784000e+04 5.9024114e-05 
3.8912000e+04 5.9209880e-05 
3.9040000e+04 6.1549312e-05 
3.9168000e+04 6.6706358e-05 
3.9296000e+04 6.2353567e-05 
3.9424000e+04 6.0116421e-05 
3.9552000e+04 5.9120946e-05 
3.9680000e+04 5.9102451e-05 
3.9808000e+04 6.0480750e-05 
3.9936000e+04 8.7539200e-05 
4.0064000e+04 8.5975327e-05 
4.0192000e+04 5.9664279e-05 
4.0320000e+04 5.8888694e-05 
4.0448000e+04 5.8980062e-05 
4.0576000e+04 5.9613860e-05 
4.0704000e+04 6.1411607e-05 
4.0832000e+04 6.1254766e-05 
4.0960000e+04 6.0598533e-05 
4.1088000e+04 5.9420559e-05 
4.1216000e+04 5.8353453e-05 
4.1344000e+04 5.8107624e-05 
4.1472000e+04 5.8593308e-05 
4.1600000e+04 5.8031434e-05 
4.1728000e+04 5.8132700e-05 
4.1856000e+04 5.9101931e-05 
4.1984000e+04 5.8650141e-05 
4.2112000e+04 5.8049212e-05 
4.2240000e+04 5.9782051e-05 
4.2368000e+04 7.9098383e-05 
4.2496000e+04 9.4417155e-05 
4.2624000e+04 7.6106298e-05 
4.2752000e+04 5.9648952e-05 
4.2880000e+04 6.0237398e-05 
4.3008000e+04 6.0680828e-05 
4.3136000e+04 6.1798572e-05 
4.3264000e+04 6.0879760e-05 
4.3392000e+04 5.8781010e-05 
4.3520000e+04 5.7257770e-05 
4.3648000e+04 5.6646848e-05 
4.3776000e+04 5.7871155e-05 
4.3904000e+04 5.8067380e-05 
4.4032000e+04 5.7291541e-05 
4.4160000e+04 5.6134322e-05 
4.4288000e+04 5.5859437e-05 
4.4416000e+04 5.6324225e-05 
4.4544000e+04 5.7126905e-05 
4.4672000e+04 5.7307207e-05 
4.4800000e+04 5.7249723e-05 
4.4928000e+04 5.7146353e-05 
4.5056000e+04 5.7543897e-05 
4.5184000e+04 5.8553371e-05 
4.5312000e+04 5.8188642e-05 
4.5440000e+04 5.6569526e-05 
4.5568000e+04 5.6021214e-05 
4.5696000e+04 5.5804510e-05 
4.5824000e+04 5.5941309e-05 
4.5952000e+04 5.6314580e-05 
4.6080000e+04 5.6850280e-05 
4.6208000e+04 5.6412358e-05 
4.6336000e+04 5.5924669e-05 
4.6464000e+04 5.6576795e-05 
4.6592000e+04 5.5822096e-05 
4.6720000e+04 5.6490080e-05 
4.6848000e+04 5.7152502e-05 
4.6976000e+04 5.6638200e-05 
4.7104000e+04 5.7228546e-05 
4.7232000e+04 5.7060835e-05 
4.7360000e+04 5.6636087e-05 
4.7488000e+04 5.6772311e-05 
4.7616000e+04 5.6440484e-05 
4.7744000e+04 5.6551518e-05 
4.7872000e+04 6.3812942e-05 
4.8000000e+04 7.9881072e-05 
4.8128000e+04 6.3813502e-05 
4.8256000e+04 5.7864989e-05 
4.8384000e+04 5.9142374e-05 
4.8512000e+04 6.0519342e-05 
4.8640000e+04 6.1850704e-05 
4.8768000e+04 6.2954045e-05 
4.8896000e+04 6.2778447e-05 
4.9024000e+04 6.0482012e-05 
4.9152000e+04 5.7727415e-05 
4.9280000e+04 5.5955010e-05 
4.9408000e+04 5.5233464e-05 
4.9536000e+04 5.4805769e-05 
4.9664000e+04 5.4707591e-05 
4.9792000e+04 5.4847667e-05 
4.9920000e+04 5.4175423e-05 
5.0048000e+04 5.3799675e-05 
5.0176000e+04 5.3443840e-05 
5.0304000e+04 5.2860025e-05 
5.0432000e+04 5.2983967e-05 
5.0560000e+04 5.3201107e-05 
5.0688000e+04 5.3076252e-05 
5.0816000e+04 5.3373293e-05 
5.0944000e+04 5.3598800e-05 
5.1072000e+04 5.3750551e-05 
5.1200000e+04 5.3629879e-05 
5.1328000e+04 5.3344997e-05 
5.1456000e+04 5.3935055e-05 
5.1584000e+04 5.4047272e-05 
5.1712000e+04 5.3313612e-05 
5.1840000e+04 5.3983636e-05 
5.1968000e+04 5.4398166e-05 
5.2096000e+04 5.4706812e-05 
5.2224000e+04 5.4708133e-05 
5.2352000e+04 5.4758792e-05 
5.2480000e+04 5.5768676e-05 
5.2608000e+04 5.5380417e-05 
5.2736000e+04 5.6995777e-05 
5.2864000e+04 5.7601988e-05 
5.2992000e+04 5.5382487e-05 
5.3120000e+04 5.5117816e-05 
5.3248000e+04 5.5369779e-05 
5.3376000e+04 5.4151456e-05 
5.3504000e+04 5.3761531e-05 
5.3632000e+04 5.5887838e-05 
5.3760000e+04 5.6284229e-05 
5.3888000e+04 5.4992688e-05 
5.4016000e+04 5.4631422e-05 
5.4144000e+04 5.5033579e-05 
5.4272000e+04 5.5449778e-05 
5.4400000e+04 5.5105957e-05 
5.4528000e+04 5.4563323e-05 
5.4656000e+04 5.5053948e-05 
5.4784000e+04 5.4814314e-05 
5.4912000e+04 5.4942113e-05 
5.5040000e+04 5.5712004e-05 
5.5168000e+04 5.5380115e-05 
5.5296000e+04 5.5541055e-05 
5.5424000e+04 5.6115096e-05 
5.5552000e+04 5.7220062e-05 
5.5680000e+04 5.6306850e-05 
5.5808000e+04 5.6079989e-05 
5.5936000e+04 6.5765758e-05 
5.6064000e+04 6.5313063e-05 
5.6192000e+04 5.6812903e-05 
5.6320000e+04 5.7599016e-05 
5.6448000e+04 6.0511968e-05 
5.6576000e+04 6.3254469e-05 
5.6704000e+04 6.7513778e-05 
5.6832000e+04 7.0152033e-05 
5.6960000e+04 6.7244495e-05 
5.7088000e+04 6.2684776e-05 
5.7216000e+04 5.8601800e-05 
5.7344000e+04 5.5551362e-05 
5.7472000e+04 5.4989789e-05 
5.7600000e+04 5.6220426e-05 
5.7728000e+04 5.5384979e-05 
5.7856000e+04 5.4987373e-05 
5.7984000e+04 5.4574706e-05 
5.8112000e+04 5.4082531e-05 
5.8240000e+04 5.4504824e-05 
5.8368000e+04 5.4945249e-05 
5.8496000e+04 5.3646196e-05 
5.8624000e+04 5.3625819e-05 
5.8752000e+04 5.7588393e-05 
5.8880000e+04 5.5431519e-05 
5.9008000e+04 5.3820233e-05 
5.9136000e+04 5.4020220e-05 
5.9264000e+04 5.3555505e-05 
5.9392000e+04 5.3190128e-05 
5.9520000e+04 5.4127562e-05 
5.9648000e+04 5.4387478e-05 
5.9776000e+04 5.3648375e-05 
5.9904000e+04 5.4598080e-05 
6.0032000e+04 5.4656201e-05 
6.0160000e+04 5.4657881e-05 
6.0288000e+04 5.4473476e-05 
6.0416000e+04 5.3386892e-05 
6.0544000e+04 5.4077722e-05 
6.0672000e+04 5.4710898e-05 
6.0800000e+04 5.3911019e-05 
6.0928000e+04 5.3703712e-05 
6.1056000e+04 5.3864278e-05 
6.1184000e+04 5.3806940e-05 
6.1312000e+04 5.3611217e-05 
6.1440000e+04 5.4527391e-05 
6.1568000e+04 5.5217213e-05 
6.1696000e+04 5.6697747e-05 
6.1824000e+04 5.7301731e-05 
6.1952000e+04 5.8831050e-05 
6.2080000e+04 5.9624006e-05 
6.2208000e+04 5.9733957e-05 
6.2336000e+04 5.8597361e-05 
6.2464000e+04 5.6759658e-05 
6.2592000e+04 5.6380406e-05 
6.2720000e+04 5.7272107e-05 
6.2848000e+04 5.9346428e-05 
6.2976000e+04 5.8375561e-05 
6.3104000e+04 5.7047680e-05 
6.3232000e+04 6.0878359e-05 
6.3360000e+04 6.6218468e-05 
6.3488000e+04 6.3632709e-05 
6.3616000e+04 6.0162842e-05 
6.3744000e+04 6.1468541e-05 
6.3872000e+04 6.8002555e-05 
6.4000000e+04 7.9291160e-05 
6.4128000e+04 7.0908995e-05 
6.4256000e+04 7.2632771e-05 
6.4384000e+04 8.6750122e-05 
6.4512000e+04 1.0949647e-04 
6.4640000e+04 1.3288115e-04 
6.4768000e+04 1.5231832e-04 
6.4896000e+04 1.5172877e-04 
6.5024000e+04 1.3071398e-04 
6.5152000e+04 1.0416776e-04 
6.5280000e+04 8.3098435e-05 
6.5408000e+04 7.0158581e-05 
6.5536000e+04 6.7290064e-05 
6.5664000e+04 6.5681765e-05 
6.5792000e+04 6.3957996e-05 
6.5920000e+04 6.1247236e-05 
6.6048000e+04 5.9465725e-05 
6.6176000e+04 5.9579899e-05 
6.6304000e+04 5.9050559e-05 
6.6432000e+04 5.7350448e-05 
6.6560000e+04 5.6729816e-05 
6.6688000e+04 5.6350451e-05 
6.6816000e+04 5.6442776e-05 
6.6944000e+04 5.5657591e-05 
6.7072000e+04 5.5454530e-05 
6.7200000e+04 5.5635839e-05 
6.7328000e+04 5.5914785e-05 
6.7456000e+04 5.6896741e-05 
6.7584000e+04 5.5935168e-05 
6.7712000e+04 5.4767752e-05 
6.7840000e+04 5.4728618e-05 
6.7968000e+04 5.5815355e-05 
6.8096000e+04 6.1138053e-05 
6.8224000e+04 6.4947148e-05 
6.8352000e+04 5.6553257e-05 
6.8480000e+04 5.5168795e-05 
6.8608000e+04 5.3551328e-05 
6.8736000e+04 5.4179767e-05 
6.8864000e+04 5.4571050e-05 
6.8992000e+04 5.4873686e-05 
6.9120000e+04 5.9860144e-05 
6.9248000e+04 6.8331050e-05 
6.9376000e+04 6.3739695e-05 
6.9504000e+04 5.5981494e-05 
6.9632000e+04 5.4662261e-05 
6.9760000e+04 5.4410411e-05 
6.9888000e+04 5.5229946e-05 
7.0016000e+04 5.5366250e-05 
7.0144000e+04 5.5185697e-05 
7.0272000e+04 5.4805529e-05 
7.0400000e+04 5.4829001e-05 
7.0528000e+04 5.5658569e-05 
7.0656000e+04 5.5753615e-05 
7.0784000e+04 5.5090226e-05 
7.0912000e+04 5.5719163e-05 
7.1040000e+04 5.5649893e-05 
7.1168000e+04 5.5004824e-05 
7.1296000e+04 5.5183576e-05 
7.1424000e+04 5.4829543e-05 
7.1552000e+04 5.5586079e-05 
7.1680000e+04 5.4975662e-05 
7.1808000e+04 5.5578144e-05 
7.1936000e+04 6.6903085e-05 
7.2064000e+04 6.6683737e-05 
7.2192000e+04 5.7170517e-05 
7.2320000e+04 5.6779540e-05 
7.2448000e+04 5.8529524e-05 
7.2576000e+04 6.1876715e-05 
7.2704000e+04 6.5755361e-05 
7.2832000e+04 6.8240108e-05 
7.2960000e+04 6.6464519e-05 
7.3088000e+04 6.3124724e-05 
7.3216000e+04 5.9685375e-05 
7.3344000e+04 5.7711444e-05 
7.3472000e+04 5.6869820e-05 
7.3600000e+04 5.7339996e-05 
7.3728000e+04 5.8210113e-05 
7.3856000e+04 5.9243499e-05 
7.3984000e+04 6.2792649e-05 
7.4112000e+04 6.2035899e-05 
7.4240000e+04 5.9197726e-05 
7.4368000e+04 5.8379086e-05 
7.4496000e+04 5.8328278e-05 
7.4624000e+04 5.8913334e-05 
7.4752000e+04 5.8668302e-05 
7.4880000e+04 5.7955913e-05 
7.5008000e+04 5.7875921e-05 
7.5136000e+04 5.6715802e-05 
7.5264000e+04 5.6850280e-05 
7.5392000e+04 5.7273362e-05 
7.5520000e+04 5.7226534e-05 
7.5648000e+04 5.9425325e-05 
7.5776000e+04 6.1789142e-05 
7.5904000e+04 5.8885009e-05 
7.6032000e+04 5.7879734e-05 
7.6160000e+04 5.7683064e-05 
7.6288000e+04 5.7486053e-05 
7.6416000e+04 5.8287562e-05 
7.6544000e+04 5.8930218e-05 
7.6672000e+04 5.9568647e-05 
7.6800000e+04 6.0790324e-05 
7.6928000e+04 6.0780181e-05 
7.7056000e+04 5.9463506e-05 
7.7184000e+04 5.9027352e-05 
7.7312000e+04 5.8700454e-05 
7.7440000e+04 5.8335132e-05 
7.7568000e+04 5.8332887e-05 
7.7696000e+04 5.8026399e-05 
7.7824000e+04 5.7806948e-05 
7.7952000e+04 5.8306250e-05 
7.8080000e+04 5.8985566e-05 
7.8208000e+04 5.8921549e-05 
7.8336000e+04 6.2314488e-05 
7.8464000e+04 6.0322447e-05 
7.8592000e+04 5.8144702e-05 
7.8720000e+04 6.0031667e-05 
7.8848000e+04 6.0499478e-05 
7.8976000e+04 6.2246931e-05 
7.9104000e+04 6.3196916e-05 
7.9232000e+04 6.0554306e-05 
7.9360000e+04 5.9969410e-05 
7.9488000e+04 6.0699553e-05 
7.9616000e+04 6.0781382e-05 
7.9744000e+04 6.0156963e-05 
7.9872000e+04 6.4522472e-05 
8.0000000e+04 7.6611344e-05 
8.0128000e+04 6.4641383e-05 
8.0256000e+04 6.0817361e-05 
8.0384000e+04 6.1740044e-05 
8.0512000e+04 6.3859618e-05 
8.0640000e+04 7.5224772e-05 
8.0768000e+04 1.0743925e-04 
8.0896000e+04 9.2706694e-05 
8.1024000e+04 6.8182962e-05 
8.1152000e+04 6.3525207e-05 
8.1280000e+04 6.2444553e-05 
8.1408000e+04 6.5198641e-05 
8.1536000e+04 6.6942470e-05 
8.1664000e+04 6.2382191e-05 
8.1792000e+04 6.1424616e-05 
8.1920000e+04 6.0530041e-05 
8.2048000e+04 6.1151346e-05 
8.2176000e+04 6.1331419e-05 
8.2304000e+04 6.1494458e-05 
8.2432000e+04 6.2171523e-05 
8.2560000e+04 6.2198495e-05 
8.2688000e+04 6.2613239e-05 
8.2816000e+04 6.2196923e-05 
8.2944000e+04 6.2036510e-05 
8.3072000e+04 6.1642844e-05 
8.3200000e+04 6.1653198e-05 
8.3328000e+04 6.1969251e-05 
8.3456000e+04 6.1376551e-05 
8.3584000e+04 6.1909879e-05 
8.3712000e+04 6.2012536e-05 
8.3840000e+04 6.2254105e-05 
8.3968000e+04 6.2503335e-05 
8.4096000e+04 6.2418163e-05 
8.4224000e+04 6.2415558e-05 
8.4352000e+04 6.2798441e-05 
8.4480000e+04 6.3746411e-05 
8.4608000e+04 6.4008578e-05 
8.4736000e+04 6.3687927e-05 
8.4864000e+04 6.3945219e-05 
8.4992000e+04 6.4542022e-05 
8.5120000e+04 6.4385960e-05 
8.5248000e+04 6.4396423e-05 
8.5376000e+04 6.3922191e-05 
8.5504000e+04 6.4228079e-05 
8.5632000e+04 6.4744941e-05 
8.5760000e+04 6.5080560e-05 
8.5888000e+04 6.6052329e-05 
8.6016000e+04 6.6211411e-05 
8.6144000e+04 6.5814012e-05 
8.6272000e+04 6.6523513e-05 
8.6400000e+04 6.6412002e-05 
8.6528000e+04 6.6030574e-05 
8.6656000e+04 6.6199056e-05 
8.6784000e+04 6.6851389e-05 
8.6912000e+04 6.7515335e-05 
8.7040000e+04 6.6605440e-05 
8.7168000e+04 6.6903449e-05 
8.7296000e+04 6.6927692e-05 
8.7424000e+04 6.7694818e-05 
8.7552000e+04 6.9004389e-05 
8.7680000e+04 6.9234113e-05 
8.7808000e+04 7.2192626e-05 
8.7936000e+04 8.7608430e-05 
8.8064000e+04 8.6388645e-05 
8.8192000e+04 7.6430704e-05 
8.8320000e+04 7.3776981e-05 
8.8448000e+04 6.9517162e-05 
8.8576000e+04 6.9381662e-05 
8.8704000e+04 6.9132853e-05 
8.8832000e+04 6.9431808e-05 
8.8960000e+04 7.0175294e-05 
8.9088000e+04 6.9381967e-05 
8.9216000e+04 6.9340007e-05 
8.9344000e+04 7.1155991e-05 
8.9472000e+04 7.0201109e-05 
8.9600000e+04 7.0204966e-05 
8.9728000e+04 7.0215297e-05 
8.9856000e+04 7.2456030e-05 
8.9984000e+04 7.8454359e-05 
9.0112000e+04 8.1424245e-05 
9.0240000e+04 8.3448802e-05 
9.0368000e+04 8.2039573e-05 
9.0496000e+04 8.0711638e-05 
9.0624000e+04 8.2652572e-05 
9.0752000e+04 8.2621809e-05 
9.0880000e+04 7.9639896e-05 
9.1008000e+04 7.4598531e-05 
9.1136000e+04 7.2711046e-05 
9.1264000e+04 7.2850329e-05 
9.1392000e+04 7.2646493e-05 
9.1520000e+04 7.2593866e-05 
9.1648000e+04 7.2803632e-05 
9.1776000e+04 7.3163108e-05 
9.1904000e+04 7.4150375e-05 
9.2032000e+04 7.5004078e-05 
9.2160000e+04 7.5055978e-05 
9.2288000e+04 7.4246345e-05 
9.2416000e+04 7.3815951e-05 
9.2544000e+04 7.3905081e-05 
9.2672000e+04 7.4922595e-05 
9.2800000e+04 7.5742013e-05 
9.2928000e+04 7.6362012e-05 
9.3056000e+04 7.6251672e-05 
9.3184000e+04 7.8745536e-05 
9.3312000e+04 8.5830274e-05 
9.3440000e+04 9.4860123e-05 
9.3568000e+04 1.1180027e-04 
9.3696000e+04 1.2920966e-04 
9.3824000e+04 1.2692805e-04 
9.3952000e+04 1.2696219e-04 
9.4080000e+04 1.0788940e-04 
9.4208000e+04 8.9175563e-05 
9.4336000e+04 8.8209556e-05 
9.4464000e+04 9.4602387e-05 
9.4592000e+04 1.0788223e-04 
9.4720000e+04 1.3950841e-04 
9.4848000e+04 1.8003039e-04 
9.4976000e+04 2.2168388e-04 
9.5104000e+04 2.2245472e-04 
9.5232000e+04 2.1176157e-04 
9.5360000e+04 2.4939419e-04 
9.5488000e+04 2.8501116e-04 
9.5616000e+04 2.4606744e-04 
9.5744000e+04 2.1690466e-04 
9.5872000e+04 2.0959025e-04 
9.6000000e+04 2.3428169e-04 
9.6128000e+04 2.1996548e-04 
9.6256000e+04 2.2508159e-04 
9.6384000e+04 2.7047729e-04 
9.6512000e+04 3.7317889e-04 
9.6640000e+04 4.2992723e-04 
9.6768000e+04 4.1784212e-04 
9.6896000e+04 3.8384978e-04 
9.7024000e+04 3.3761770e-04 
9.7152000e+04 2.7993211e-04 
9.7280000e+04 2.1305731e-04 
9.7408000e+04 1.5703615e-04 
9.7536000e+04 1.4882727e-04 
9.7664000e+04 2.4680380e-04 
9.7792000e+04 4.0264896e-04 
9.7920000e+04 4.9494830e-04 
9.8048000e+04 4.0334719e-04 
9.8176000e+04 1.9170494e-04 
9.8304000e+04 1.3684263e-04 
9.8432000e+04 1.4927822e-04 
9.8560000e+04 1.5100873e-04 
9.8688000e+04 1.3013952e-04 
9.8816000e+04 1.1651860e-04 
9.8944000e+04 1.0702934e-04 
9.9072000e+04 9.3988543e-05 
9.9200000e+04 9.0114838e-05 
9.9328000e+04 9.1075912e-05 
9.9456000e+04 9.2296286e-05 
9.9584000e+04 9.2486691e-05 
9.9712000e+04 9.4149771e-05 
9.9840000e+04 1.0254654e-04 
9.9968000e+04 1.0481592e-04 
1.0009600e+05 9.6859061e-05 
1.0022400e+05 9.2497146e-05 
1.0035200e+05 8.8709647e-05 
1.0048000e+05 8.7851746e-05 
1.0060800e+05 8.7367516e-05 
1.0073600e+05 8.7485198e-05 
1.0086400e+05 8.8477660e-05 
1.0099200e+05 9.1474467e-05 
1.0112000e+05 9.5795513e-05 
1.0124800e+05 1.0615610e-04 
1.0137600e+05 1.1586396e-04 
1.0150400e+05 1.1142301e-04 
1.0163200e+05 1.0183049e-04 
1.0176000e+05 9.5758500e-05 
1.0188800e+05 1.0133372e-04 
1.0201600e+05 1.1259687e-04 
1.0214400e+05 1.0817829e-04 
1.0227200e+05 1.1594300e-04 
1.0240000e+05 1.5138998e-04 
