0.0000000e+00 4.8926857e-04 
1.2800000e+02 1.4861125e-04 
2.5600000e+02 9.0416524e-06 
3.8400000e+02 3.8170469e-06 
5.1200000e+02 1.0438994e-06 
6.4000000e+02 2.7748845e-07 
7.6800000e+02 3.1563772e-07 
8.9600000e+02 2.3567215e-07 
1.0240000e+03 1.2135158e-07 
1.1520000e+03 2.3158240e-07 
1.2800000e+03 3.5022589e-07 
1.4080000e+03 2.2646742e-07 
1.5360000e+03 1.0204236e-07 
1.6640000e+03 1.0598286e-07 
1.7920000e+03 1.4996063e-07 
1.9200000e+03 1.4175858e-07 
2.0480000e+03 1.7737671e-07 
2.1760000e+03 1.7256541e-07 
2.3040000e+03 1.1519985e-07 
2.4320000e+03 1.2506149e-07 
2.5600000e+03 1.0426417e-07 
2.6880000e+03 4.6968772e-08 
2.8160000e+03 4.5732499e-08 
2.9440000e+03 9.8590043e-08 
3.0720000e+03 9.3206602e-08 
3.2000000e+03 4.1015898e-08 
3.3280000e+03 3.7836454e-08 
3.4560000e+03 7.7132526e-08 
3.5840000e+03 1.0152471e-06 
3.7120000e+03 2.4621688e-06 
3.8400000e+03 4.2650143e-07 
3.9680000e+03 1.0232531e-07 
4.0960000e+03 7.1666889e-08 
4.2240000e+03 3.8286736e-08 
4.3520000e+03 6.3338696e-08 
4.4800000e+03 6.8616288e-08 
4.6080000e+03 4.5080412e-08 
4.7360000e+03 3.8596365e-08 
4.8640000e+03 5.2377160e-08 
4.9920000e+03 6.9430278e-08 
5.1200000e+03 4.4721613e-08 
5.2480000e+03 2.8932263e-08 
5.3760000e+03 3.1856892e-08 
5.5040000e+03 4.7521890e-08 
5.6320000e+03 3.7469221e-08 
5.7600000e+03 5.2466433e-08 
5.8880000e+03 5.8477429e-08 
6.0160000e+03 4.1479510e-08 
6.1440000e+03 2.2733438e-08 
6.2720000e+03 1.8928214e-08 
6.4000000e+03 2.0776236e-08 
6.5280000e+03 2.4603557e-08 
6.6560000e+03 1.7114345e-08 
6.7840000e+03 1.4915534e-08 
6.9120000e+03 1.9678978e-08 
7.0400000e+03 2.3322544e-08 
7.1680000e+03 1.5773271e-08 
7.2960000e+03 1.5083913e-08 
7.4240000e+03 2.9231289e-08 
7.5520000e+03 2.9434574e-08 
7.6800000e+03 1.4184264e-08 
7.8080000e+03 1.3641315e-08 
7.9360000e+03 5.3826557e-08 
8.0640000e+03 5.4061218e-08 
8.1920000e+03 1.3842100e-08 
8.3200000e+03 1.2954653e-08 
8.4480000e+03 1.7281170e-08 
8.5760000e+03 1.6263323e-08 
8.7040000e+03 1.2551642e-08 
8.8320000e+03 1.3606088e-08 
8.9600000e+03 1.7353251e-08 
9.0880000e+03 1.5735164e-08 
9.2160000e+03 1.2473389e-08 
9.3440000e+03 1.2139169e-08 
9.4720000e+03 1.5200607e-08 
9.6000000e+03 1.3564800e-08 
9.7280000e+03 1.2949861e-08 
9.8560000e+03 2.0982258e-08 
9.9840000e+03 3.1111426e-08 
1.0112000e+04 1.5414507e-08 
1.0240000e+04 1.1522085e-08 
1.0368000e+04 1.1665980e-08 
1.0496000e+04 1.3980358e-08 
1.0624000e+04 1.4704522e-08 
1.0752000e+04 1.6504622e-08 
1.0880000e+04 1.4105618e-08 
1.1008000e+04 1.5613132e-08 
1.1136000e+04 1.4982319e-08 
1.1264000e+04 1.4637769e-08 
1.1392000e+04 1.7406395e-08 
1.1520000e+04 2.4527280e-08 
1.1648000e+04 4.5236298e-08 
1.1776000e+04 4.8814201e-08 
1.1904000e+04 3.1816867e-08 
1.2032000e+04 1.9313545e-08 
1.2160000e+04 1.2879148e-08 
1.2288000e+04 1.1182814e-08 
1.2416000e+04 1.1104008e-08 
1.2544000e+04 1.0129868e-08 
1.2672000e+04 9.2614627e-09 
1.2800000e+04 9.4604982e-09 
1.2928000e+04 9.8049107e-09 
1.3056000e+04 9.1756123e-09 
1.3184000e+04 8.4028215e-09 
1.3312000e+04 8.2171008e-09 
1.3440000e+04 8.6801668e-09 
1.3568000e+04 8.8527798e-09 
1.3696000e+04 8.4744043e-09 
1.3824000e+04 8.2758636e-09 
1.3952000e+04 8.7408196e-09 
1.4080000e+04 8.2374259e-09 
1.4208000e+04 7.9855287e-09 
1.4336000e+04 8.5277749e-09 
1.4464000e+04 8.8318481e-09 
1.4592000e+04 8.2048226e-09 
1.4720000e+04 8.2267242e-09 
1.4848000e+04 9.9293009e-09 
1.4976000e+04 1.2217618e-08 
1.5104000e+04 3.9656403e-08 
1.5232000e+04 1.3551983e-07 
1.5360000e+04 4.9409934e-08 
1.5488000e+04 8.5723091e-09 
1.5616000e+04 8.0622096e-09 
1.5744000e+04 7.7094429e-09 
1.5872000e+04 2.1149551e-08 
1.6000000e+04 5.9036299e-08 
1.6128000e+04 2.0243267e-08 
1.6256000e+04 7.6188984e-09 
1.6384000e+04 7.6761131e-09 
1.6512000e+04 8.1330338e-09 
1.6640000e+04 8.4228287e-09 
1.6768000e+04 8.5997423e-09 
1.6896000e+04 8.4634131e-09 
1.7024000e+04 8.4572456e-09 
1.7152000e+04 7.5344300e-09 
1.7280000e+04 7.1036323e-09 
1.7408000e+04 7.8287767e-09 
1.7536000e+04 7.8053635e-09 
1.7664000e+04 6.8472916e-09 
1.7792000e+04 6.5280155e-09 
1.7920000e+04 7.1423139e-09 
1.8048000e+04 7.7254914e-09 
1.8176000e+04 7.3176443e-09 
1.8304000e+04 7.5284099e-09 
1.8432000e+04 8.3951486e-09 
1.8560000e+04 7.4849087e-09 
1.8688000e+04 6.6447883e-09 
1.8816000e+04 6.5907875e-09 
1.8944000e+04 7.2436381e-09 
1.9072000e+04 6.9065029e-09 
1.9200000e+04 6.2958190e-09 
1.9328000e+04 6.2659864e-09 
1.9456000e+04 7.9706028e-09 
1.9584000e+04 1.2827835e-08 
1.9712000e+04 8.3204705e-09 
1.9840000e+04 6.1959318e-09 
1.9968000e+04 6.5104362e-09 
2.0096000e+04 6.3960104e-09 
2.0224000e+04 6.1441212e-09 
2.0352000e+04 6.3198096e-09 
2.0480000e+04 6.5615593e-09 
2.0608000e+04 6.2099614e-09 
2.0736000e+04 6.1027596e-09 
2.0864000e+04 5.8985501e-09 
2.0992000e+04 6.0313772e-09 
2.1120000e+04 6.0008865e-09 
2.1248000e+04 5.9893277e-09 
2.1376000e+04 5.8814256e-09 
2.1504000e+04 5.8538778e-09 
2.1632000e+04 5.7009859e-09 
2.1760000e+04 5.5779701e-09 
2.1888000e+04 5.8548935e-09 
2.2016000e+04 6.0775909e-09 
2.2144000e+04 5.7934284e-09 
2.2272000e+04 5.7835390e-09 
2.2400000e+04 6.3775678e-09 
2.2528000e+04 5.9151142e-09 
2.2656000e+04 5.8114580e-09 
2.2784000e+04 5.9168288e-09 
2.2912000e+04 5.7327596e-09 
2.3040000e+04 5.8545333e-09 
2.3168000e+04 5.8232614e-09 
2.3296000e+04 5.7644822e-09 
2.3424000e+04 5.8886367e-09 
2.3552000e+04 5.6624834e-09 
2.3680000e+04 5.3505369e-09 
2.3808000e+04 6.1375003e-09 
2.3936000e+04 2.4231982e-08 
2.4064000e+04 2.4000455e-08 
2.4192000e+04 6.0915801e-09 
2.4320000e+04 5.3869660e-09 
2.4448000e+04 5.4194165e-09 
2.4576000e+04 5.4674927e-09 
2.4704000e+04 5.8857537e-09 
2.4832000e+04 6.1711374e-09 
2.4960000e+04 6.2629737e-09 
2.5088000e+04 6.7923311e-09 
2.5216000e+04 5.8139213e-09 
2.5344000e+04 5.3062501e-09 
2.5472000e+04 5.3209872e-09 
2.5600000e+04 5.4262874e-09 
2.5728000e+04 5.4468807e-09 
2.5856000e+04 5.2611626e-09 
2.5984000e+04 5.2445639e-09 
2.6112000e+04 5.0769473e-09 
2.6240000e+04 5.0404227e-09 
2.6368000e+04 5.2487117e-09 
2.6496000e+04 5.8185190e-09 
2.6624000e+04 6.2277965e-09 
2.6752000e+04 8.6243270e-09 
2.6880000e+04 1.4496017e-08 
2.7008000e+04 1.3282332e-08 
2.7136000e+04 7.6303346e-09 
2.7264000e+04 5.8185829e-09 
2.7392000e+04 5.2842384e-09 
2.7520000e+04 5.1998184e-09 
2.7648000e+04 5.3054694e-09 
2.7776000e+04 1.3257039e-08 
2.7904000e+04 1.4889650e-08 
2.8032000e+04 5.7344720e-09 
2.8160000e+04 4.8085957e-09 
2.8288000e+04 4.6144071e-09 
2.8416000e+04 4.6583892e-09 
2.8544000e+04 4.7135535e-09 
2.8672000e+04 4.5551487e-09 
2.8800000e+04 4.6592485e-09 
2.8928000e+04 4.5969508e-09 
2.9056000e+04 4.5215045e-09 
2.9184000e+04 4.4374242e-09 
2.9312000e+04 4.4676853e-09 
2.9440000e+04 4.5632782e-09 
2.9568000e+04 4.6540642e-09 
2.9696000e+04 4.5560293e-09 
2.9824000e+04 4.8166067e-09 
2.9952000e+04 4.9049733e-09 
3.0080000e+04 4.6163429e-09 
3.0208000e+04 4.4846411e-09 
3.0336000e+04 4.4037405e-09 
3.0464000e+04 4.4868078e-09 
3.0592000e+04 4.5056461e-09 
3.0720000e+04 4.7023878e-09 
3.0848000e+04 5.0602740e-09 
3.0976000e+04 5.1130513e-09 
3.1104000e+04 4.8331028e-09 
3.1232000e+04 4.6257900e-09 
3.1360000e+04 4.3867634e-09 
3.1488000e+04 4.4404267e-09 
3.1616000e+04 4.3781889e-09 
3.1744000e+04 4.3468824e-09 
3.1872000e+04 7.4230861e-09 
3.2000000e+04 1.6399168e-08 
3.2128000e+04 7.1485742e-09 
3.2256000e+04 4.2025623e-09 
3.2384000e+04 4.2515351e-09 
3.2512000e+04 4.3304951e-09 
3.2640000e+04 4.3635420e-09 
3.2768000e+04 4.4519868e-09 
3.2896000e+04 4.3839226e-09 
3.3024000e+04 4.3352428e-09 
3.3152000e+04 4.2132440e-09 
3.3280000e+04 4.1499506e-09 
3.3408000e+04 4.0834096e-09 
3.3536000e+04 4.0866750e-09 
3.3664000e+04 4.1477368e-09 
3.3792000e+04 4.1768113e-09 
3.3920000e+04 4.1523847e-09 
3.4048000e+04 4.3293542e-09 
3.4176000e+04 4.0775228e-09 
3.4304000e+04 3.9134331e-09 
3.4432000e+04 3.9670516e-09 
3.4560000e+04 3.8485033e-09 
3.4688000e+04 3.7844345e-09 
3.4816000e+04 3.9379930e-09 
3.4944000e+04 3.9748556e-09 
3.5072000e+04 4.0028851e-09 
3.5200000e+04 3.9361687e-09 
3.5328000e+04 3.9485135e-09 
3.5456000e+04 4.1458792e-09 
3.5584000e+04 4.0735757e-09 
3.5712000e+04 3.9062642e-09 
3.5840000e+04 3.8492809e-09 
3.5968000e+04 3.9979922e-09 
3.6096000e+04 3.9612016e-09 
3.6224000e+04 3.9311412e-09 
3.6352000e+04 4.0454244e-09 
3.6480000e+04 3.9800261e-09 
3.6608000e+04 3.9748209e-09 
3.6736000e+04 4.1099839e-09 
3.6864000e+04 4.0543711e-09 
3.6992000e+04 3.9026373e-09 
3.7120000e+04 3.7827399e-09 
3.7248000e+04 3.7942454e-09 
3.7376000e+04 4.0781765e-09 
3.7504000e+04 4.0992756e-09 
3.7632000e+04 3.9262931e-09 
3.7760000e+04 3.8613450e-09 
3.7888000e+04 4.2386241e-09 
3.8016000e+04 3.9611323e-09 
3.8144000e+04 3.6081718e-09 
3.8272000e+04 3.5567242e-09 
3.8400000e+04 3.5117735e-09 
3.8528000e+04 3.5402126e-09 
3.8656000e+04 3.5512300e-09 
3.8784000e+04 3.4847412e-09 
3.8912000e+04 3.5065335e-09 
3.9040000e+04 3.7874526e-09 
3.9168000e+04 4.4522994e-09 
3.9296000e+04 3.8875405e-09 
3.9424000e+04 3.6138177e-09 
3.9552000e+04 3.4960925e-09 
3.9680000e+04 3.4939283e-09 
3.9808000e+04 3.6574392e-09 
3.9936000e+04 7.6616979e-09 
4.0064000e+04 7.3904429e-09 
4.0192000e+04 3.5600998e-09 
4.0320000e+04 3.4688836e-09 
4.0448000e+04 3.4795797e-09 
4.0576000e+04 3.5541399e-09 
4.0704000e+04 3.7704826e-09 
4.0832000e+04 3.7512153e-09 
4.0960000e+04 3.6716341e-09 
4.1088000e+04 3.5313226e-09 
4.1216000e+04 3.4064791e-09 
4.1344000e+04 3.3779495e-09 
4.1472000e+04 3.4343972e-09 
4.1600000e+04 3.3691265e-09 
4.1728000e+04 3.3808658e-09 
4.1856000e+04 3.4938668e-09 
4.1984000e+04 3.4410252e-09 
4.2112000e+04 3.3711838e-09 
4.2240000e+04 3.5740504e-09 
4.2368000e+04 6.2577499e-09 
4.2496000e+04 8.9197103e-09 
4.2624000e+04 5.7891301e-09 
4.2752000e+04 3.5582866e-09 
4.2880000e+04 3.6282575e-09 
4.3008000e+04 3.6815644e-09 
4.3136000e+04 3.8182919e-09 
4.3264000e+04 3.7056618e-09 
4.3392000e+04 3.4562924e-09 
4.3520000e+04 3.2799357e-09 
4.3648000e+04 3.2100562e-09 
4.3776000e+04 3.3505858e-09 
4.3904000e+04 3.3732870e-09 
4.4032000e+04 3.2838128e-09 
4.4160000e+04 3.1518441e-09 
4.4288000e+04 3.1208109e-09 
4.4416000e+04 3.1733660e-09 
4.4544000e+04 3.2649170e-09 
4.4672000e+04 3.2856018e-09 
4.4800000e+04 3.2789995e-09 
4.4928000e+04 3.2671474e-09 
4.5056000e+04 3.3128202e-09 
4.5184000e+04 3.4297396e-09 
4.5312000e+04 3.3873460e-09 
4.5440000e+04 3.2012499e-09 
4.5568000e+04 3.1390590e-09 
4.5696000e+04 3.1146152e-09 
4.5824000e+04 3.1300420e-09 
4.5952000e+04 3.1722720e-09 
4.6080000e+04 3.2332677e-09 
4.6208000e+04 3.1833745e-09 
4.6336000e+04 3.1281593e-09 
4.6464000e+04 3.2020726e-09 
4.6592000e+04 3.1165992e-09 
4.6720000e+04 3.1922085e-09 
4.6848000e+04 3.2678578e-09 
4.6976000e+04 3.2090695e-09 
4.7104000e+04 3.2765739e-09 
4.7232000e+04 3.2573548e-09 
4.7360000e+04 3.2088299e-09 
4.7488000e+04 3.2243623e-09 
4.7616000e+04 3.1865777e-09 
4.7744000e+04 3.1992051e-09 
4.7872000e+04 4.0730033e-09 
4.8000000e+04 6.3831438e-09 
4.8128000e+04 4.0730752e-09 
4.8256000e+04 3.3498722e-09 
4.8384000e+04 3.4986039e-09 
4.8512000e+04 3.6620842e-09 
4.8640000e+04 3.8247703e-09 
4.8768000e+04 3.9632897e-09 
4.8896000e+04 3.9410555e-09 
4.9024000e+04 3.6575918e-09 
4.9152000e+04 3.3339769e-09 
4.9280000e+04 3.1315819e-09 
4.9408000e+04 3.0506015e-09 
4.9536000e+04 3.0030656e-09 
4.9664000e+04 2.9922109e-09 
4.9792000e+04 3.0077116e-09 
4.9920000e+04 2.9337459e-09 
5.0048000e+04 2.8928737e-09 
5.0176000e+04 2.8545071e-09 
5.0304000e+04 2.7923299e-09 
5.0432000e+04 2.8054457e-09 
5.0560000e+04 2.8285436e-09 
5.0688000e+04 2.8152394e-09 
5.0816000e+04 2.8469387e-09 
5.0944000e+04 2.8711726e-09 
5.1072000e+04 2.8875615e-09 
5.1200000e+04 2.8745224e-09 
5.1328000e+04 2.8439147e-09 
5.1456000e+04 2.9075597e-09 
5.1584000e+04 2.9197673e-09 
5.1712000e+04 2.8405629e-09 
5.1840000e+04 2.9128382e-09 
5.1968000e+04 2.9581404e-09 
5.2096000e+04 2.9921321e-09 
5.2224000e+04 2.9922766e-09 
5.2352000e+04 2.9978735e-09 
5.2480000e+04 3.1105825e-09 
5.2608000e+04 3.0670175e-09 
5.2736000e+04 3.2498957e-09 
5.2864000e+04 3.3195198e-09 
5.2992000e+04 3.0672533e-09 
5.3120000e+04 3.0377134e-09 
5.3248000e+04 3.0658258e-09 
5.3376000e+04 2.9311313e-09 
5.3504000e+04 2.8887475e-09 
5.3632000e+04 3.1239993e-09 
5.3760000e+04 3.1688328e-09 
5.3888000e+04 3.0237972e-09 
5.4016000e+04 2.9838056e-09 
5.4144000e+04 3.0283358e-09 
5.4272000e+04 3.0747793e-09 
5.4400000e+04 3.0363996e-09 
5.4528000e+04 2.9762999e-09 
5.4656000e+04 3.0306042e-09 
5.4784000e+04 3.0040086e-09 
5.4912000e+04 3.0181784e-09 
5.5040000e+04 3.1042025e-09 
5.5168000e+04 3.0669840e-09 
5.5296000e+04 3.0850051e-09 
5.5424000e+04 3.1496785e-09 
5.5552000e+04 3.2756027e-09 
5.5680000e+04 3.1713945e-09 
5.5808000e+04 3.1457039e-09 
5.5936000e+04 4.3275481e-09 
5.6064000e+04 4.2679793e-09 
5.6192000e+04 3.2289962e-09 
5.6320000e+04 3.3191845e-09 
5.6448000e+04 3.6611998e-09 
5.6576000e+04 4.0014876e-09 
5.6704000e+04 4.5603632e-09 
5.6832000e+04 4.9202269e-09 
5.6960000e+04 4.5242161e-09 
5.7088000e+04 3.9292170e-09 
5.7216000e+04 3.4353853e-09 
5.7344000e+04 3.0861638e-09 
5.7472000e+04 3.0234786e-09 
5.7600000e+04 3.1616041e-09 
5.7728000e+04 3.0675227e-09 
5.7856000e+04 3.0232064e-09 
5.7984000e+04 2.9775549e-09 
5.8112000e+04 2.9236105e-09 
5.8240000e+04 2.9698626e-09 
5.8368000e+04 3.0185296e-09 
5.8496000e+04 2.8762905e-09 
5.8624000e+04 2.8740870e-09 
5.8752000e+04 3.3179528e-09 
5.8880000e+04 3.0727341e-09 
5.9008000e+04 2.8951042e-09 
5.9136000e+04 2.9168259e-09 
5.9264000e+04 2.8665108e-09 
5.9392000e+04 2.8273637e-09 
5.9520000e+04 2.9285194e-09 
5.9648000e+04 2.9569649e-09 
5.9776000e+04 2.8765241e-09 
5.9904000e+04 2.9801321e-09 
6.0032000e+04 2.9865392e-09 
6.0160000e+04 2.9867229e-09 
6.0288000e+04 2.9664082e-09 
6.0416000e+04 2.8484020e-09 
6.0544000e+04 2.9230840e-09 
6.0672000e+04 2.9925789e-09 
6.0800000e+04 2.9049558e-09 
6.0928000e+04 2.8824996e-09 
6.1056000e+04 2.8998761e-09 
6.1184000e+04 2.8936615e-09 
6.1312000e+04 2.8725096e-09 
6.1440000e+04 2.9723419e-09 
6.1568000e+04 3.0487934e-09 
6.1696000e+04 3.2158558e-09 
6.1824000e+04 3.2849741e-09 
6.1952000e+04 3.4621412e-09 
6.2080000e+04 3.5553420e-09 
6.2208000e+04 3.5683492e-09 
6.2336000e+04 3.4348648e-09 
6.2464000e+04 3.2229182e-09 
6.2592000e+04 3.1797485e-09 
6.2720000e+04 3.2815710e-09 
6.2848000e+04 3.5225940e-09 
6.2976000e+04 3.4090533e-09 
6.3104000e+04 3.2558387e-09 
6.3232000e+04 3.7054908e-09 
6.3360000e+04 4.3874375e-09 
6.3488000e+04 4.0498511e-09 
6.3616000e+04 3.6193450e-09 
6.3744000e+04 3.7774939e-09 
6.3872000e+04 4.6261963e-09 
6.4000000e+04 6.2885515e-09 
6.4128000e+04 5.0260764e-09 
6.4256000e+04 5.2747784e-09 
6.4384000e+04 7.5237656e-09 
6.4512000e+04 1.1986817e-08 
6.4640000e+04 1.7667698e-08 
6.4768000e+04 2.3188951e-08 
6.4896000e+04 2.3008607e-08 
6.5024000e+04 1.7094964e-08 
6.5152000e+04 1.0845111e-08 
6.5280000e+04 6.9075647e-09 
6.5408000e+04 4.9211453e-09 
6.5536000e+04 4.5303299e-09 
6.5664000e+04 4.3164818e-09 
6.5792000e+04 4.0916763e-09 
6.5920000e+04 3.7502930e-09 
6.6048000e+04 3.5366539e-09 
6.6176000e+04 3.5501306e-09 
6.6304000e+04 3.4878340e-09 
6.6432000e+04 3.2905765e-09 
6.6560000e+04 3.2195087e-09 
6.6688000e+04 3.1763430e-09 
6.6816000e+04 3.1868297e-09 
6.6944000e+04 3.0980871e-09 
6.7072000e+04 3.0753127e-09 
6.7200000e+04 3.0956457e-09 
6.7328000e+04 3.1270466e-09 
6.7456000e+04 3.2385756e-09 
6.7584000e+04 3.1293479e-09 
6.7712000e+04 2.9988678e-09 
6.7840000e+04 2.9945377e-09 
6.7968000e+04 3.1158396e-09 
6.8096000e+04 3.7369263e-09 
6.8224000e+04 4.2200683e-09 
6.8352000e+04 3.1993947e-09 
6.8480000e+04 3.0433953e-09 
6.8608000e+04 2.8660576e-09 
6.8736000e+04 2.9342226e-09 
6.8864000e+04 2.9771561e-09 
6.8992000e+04 3.0105927e-09 
6.9120000e+04 3.5833154e-09 
6.9248000e+04 4.6706399e-09 
6.9376000e+04 4.0635784e-09 
6.9504000e+04 3.1345748e-09 
6.9632000e+04 2.9872083e-09 
6.9760000e+04 2.9594853e-09 
6.9888000e+04 3.0502063e-09 
7.0016000e+04 3.0654352e-09 
7.0144000e+04 3.0452740e-09 
7.0272000e+04 3.0030458e-09 
7.0400000e+04 3.0056451e-09 
7.0528000e+04 3.0982028e-09 
7.0656000e+04 3.1088889e-09 
7.0784000e+04 3.0346399e-09 
7.0912000e+04 3.1050138e-09 
7.1040000e+04 3.0972234e-09 
7.1168000e+04 3.0251388e-09 
7.1296000e+04 3.0450400e-09 
7.1424000e+04 3.0056979e-09 
7.1552000e+04 3.0900631e-09 
7.1680000e+04 3.0219054e-09 
7.1808000e+04 3.0891676e-09 
7.1936000e+04 4.4785393e-09 
7.2064000e+04 4.4492894e-09 
7.2192000e+04 3.2699108e-09 
7.2320000e+04 3.2251908e-09 
7.2448000e+04 3.4269692e-09 
7.2576000e+04 3.8279970e-09 
7.2704000e+04 4.3261896e-09 
7.2832000e+04 4.6583279e-09 
7.2960000e+04 4.4201136e-09 
7.3088000e+04 3.9849675e-09 
7.3216000e+04 3.5626024e-09 
7.3344000e+04 3.3321397e-09 
7.3472000e+04 3.2354976e-09 
7.3600000e+04 3.2893701e-09 
7.3728000e+04 3.3898460e-09 
7.3856000e+04 3.5104784e-09 
7.3984000e+04 3.9428469e-09 
7.4112000e+04 3.8478190e-09 
7.4240000e+04 3.5051018e-09 
7.4368000e+04 3.4094649e-09 
7.4496000e+04 3.4035554e-09 
7.4624000e+04 3.4717642e-09 
7.4752000e+04 3.4431415e-09 
7.4880000e+04 3.3603857e-09 
7.5008000e+04 3.3511303e-09 
7.5136000e+04 3.2179115e-09 
7.5264000e+04 3.2332677e-09 
7.5392000e+04 3.2817224e-09 
7.5520000e+04 3.2763436e-09 
7.5648000e+04 3.5318810e-09 
7.5776000e+04 3.8171351e-09 
7.5904000e+04 3.4684495e-09 
7.6032000e+04 3.3515719e-09 
7.6160000e+04 3.3288705e-09 
7.6288000e+04 3.3061707e-09 
7.6416000e+04 3.3988277e-09 
7.6544000e+04 3.4737393e-09 
7.6672000e+04 3.5487977e-09 
7.6800000e+04 3.6948062e-09 
7.6928000e+04 3.6935812e-09 
7.7056000e+04 3.5363821e-09 
7.7184000e+04 3.4851162e-09 
7.7312000e+04 3.4468939e-09 
7.7440000e+04 3.4043477e-09 
7.7568000e+04 3.4040861e-09 
7.7696000e+04 3.3685421e-09 
7.7824000e+04 3.3431629e-09 
7.7952000e+04 3.4010004e-09 
7.8080000e+04 3.4802217e-09 
7.8208000e+04 3.4727250e-09 
7.8336000e+04 3.8826435e-09 
7.8464000e+04 3.6384382e-09 
7.8592000e+04 3.3822469e-09 
7.8720000e+04 3.6037060e-09 
7.8848000e+04 3.6596886e-09 
7.8976000e+04 3.8741783e-09 
7.9104000e+04 3.9941486e-09 
7.9232000e+04 3.6662924e-09 
7.9360000e+04 3.5962986e-09 
7.9488000e+04 3.6838288e-09 
7.9616000e+04 3.6937273e-09 
7.9744000e+04 3.6186458e-09 
7.9872000e+04 4.1647308e-09 
8.0000000e+04 5.8668368e-09 
8.0128000e+04 4.1801878e-09 
8.0256000e+04 3.6980856e-09 
8.0384000e+04 3.8110461e-09 
8.0512000e+04 4.0790091e-09 
8.0640000e+04 5.6551270e-09 
8.0768000e+04 1.1536870e-08 
8.0896000e+04 8.5991942e-09 
8.1024000e+04 4.6505906e-09 
8.1152000e+04 4.0360724e-09 
8.1280000e+04 3.8989625e-09 
8.1408000e+04 4.2529824e-09 
8.1536000e+04 4.4838138e-09 
8.1664000e+04 3.8911363e-09 
8.1792000e+04 3.7720893e-09 
8.1920000e+04 3.6633792e-09 
8.2048000e+04 3.7385512e-09 
8.2176000e+04 3.7606260e-09 
8.2304000e+04 3.7806802e-09 
8.2432000e+04 3.8647463e-09 
8.2560000e+04 3.8681169e-09 
8.2688000e+04 3.9201935e-09 
8.2816000e+04 3.8679220e-09 
8.2944000e+04 3.8478865e-09 
8.3072000e+04 3.7990140e-09 
8.3200000e+04 3.8002907e-09 
8.3328000e+04 3.8395136e-09 
8.3456000e+04 3.7661714e-09 
8.3584000e+04 3.8321266e-09 
8.3712000e+04 3.8449133e-09 
8.3840000e+04 3.8750887e-09 
8.3968000e+04 3.9063583e-09 
8.4096000e+04 3.8956589e-09 
8.4224000e+04 3.8953254e-09 
8.4352000e+04 3.9435832e-09 
8.4480000e+04 4.0644532e-09 
8.4608000e+04 4.0981956e-09 
8.4736000e+04 4.0569361e-09 
8.4864000e+04 4.0900323e-09 
8.4992000e+04 4.1672741e-09 
8.5120000e+04 4.1470085e-09 
8.5248000e+04 4.1483657e-09 
8.5376000e+04 4.0870698e-09 
8.5504000e+04 4.1265604e-09 
8.5632000e+04 4.1936756e-09 
8.5760000e+04 4.2375170e-09 
8.5888000e+04 4.3654302e-09 
8.6016000e+04 4.3865032e-09 
8.6144000e+04 4.3339292e-09 
8.6272000e+04 4.4279633e-09 
8.6400000e+04 4.4131307e-09 
8.6528000e+04 4.3625552e-09 
8.6656000e+04 4.3848662e-09 
8.6784000e+04 4.4716408e-09 
8.6912000e+04 4.5605635e-09 
8.7040000e+04 4.4388568e-09 
8.7168000e+04 4.4785886e-09 
8.7296000e+04 4.4818353e-09 
8.7424000e+04 4.5847126e-09 
8.7552000e+04 4.7622541e-09 
8.7680000e+04 4.7936672e-09 
8.7808000e+04 5.2099103e-09 
8.7936000e+04 7.6738544e-09 
8.8064000e+04 7.4611304e-09 
8.8192000e+04 5.8389729e-09 
8.8320000e+04 5.4399840e-09 
8.8448000e+04 4.8325193e-09 
8.8576000e+04 4.8138995e-09 
8.8704000e+04 4.7798134e-09 
8.8832000e+04 4.8207860e-09 
8.8960000e+04 4.9234585e-09 
8.9088000e+04 4.8139523e-09 
8.9216000e+04 4.8081947e-09 
8.9344000e+04 5.0609632e-09 
8.9472000e+04 4.9270490e-09 
8.9600000e+04 4.9275792e-09 
8.9728000e+04 4.9290185e-09 
8.9856000e+04 5.2485274e-09 
8.9984000e+04 6.1553433e-09 
9.0112000e+04 6.6329506e-09 
9.0240000e+04 6.9655224e-09 
9.0368000e+04 6.7334631e-09 
9.0496000e+04 6.5172161e-09 
9.0624000e+04 6.8340729e-09 
9.0752000e+04 6.8290023e-09 
9.0880000e+04 6.3443935e-09 
9.1008000e+04 5.5612754e-09 
9.1136000e+04 5.2859330e-09 
9.1264000e+04 5.3058304e-09 
9.1392000e+04 5.2767244e-09 
9.1520000e+04 5.2688973e-09 
9.1648000e+04 5.2991469e-09 
9.1776000e+04 5.3507838e-09 
9.1904000e+04 5.4948388e-09 
9.2032000e+04 5.6219194e-09 
9.2160000e+04 5.6297145e-09 
9.2288000e+04 5.5090226e-09 
9.2416000e+04 5.4456848e-09 
9.2544000e+04 5.4587352e-09 
9.2672000e+04 5.6096860e-09 
9.2800000e+04 5.7335021e-09 
9.2928000e+04 5.8283915e-09 
9.3056000e+04 5.8114322e-09 
9.3184000e+04 6.2015673e-09 
9.3312000e+04 7.3656223e-09 
9.3440000e+04 9.0033643e-09 
9.3568000e+04 1.2501564e-08 
9.3696000e+04 1.6701737e-08 
9.3824000e+04 1.6112992e-08 
9.3952000e+04 1.6121717e-08 
9.4080000e+04 1.1634424e-08 
9.4208000e+04 7.9526306e-09 
9.4336000e+04 7.7801054e-09 
9.4464000e+04 8.9546832e-09 
9.4592000e+04 1.1632865e-08 
9.4720000e+04 1.9460673e-08 
9.4848000e+04 3.2416921e-08 
9.4976000e+04 4.9144823e-08 
9.5104000e+04 4.9490506e-08 
9.5232000e+04 4.4813284e-08 
9.5360000e+04 6.2190708e-08 
9.5488000e+04 8.1195253e-08 
9.5616000e+04 6.0535228e-08 
9.5744000e+04 4.7028632e-08 
9.5872000e+04 4.3900929e-08 
9.6000000e+04 5.4907680e-08 
9.6128000e+04 4.8378439e-08 
9.6256000e+04 5.0676245e-08 
9.6384000e+04 7.3192837e-08 
9.6512000e+04 1.3934216e-07 
9.6640000e+04 1.8473720e-07 
9.6768000e+04 1.7449047e-07 
9.6896000e+04 1.4740439e-07 
9.7024000e+04 1.1399398e-07 
9.7152000e+04 7.8348826e-08 
9.7280000e+04 4.5364573e-08 
9.7408000e+04 2.4661759e-08 
9.7536000e+04 2.2135165e-08 
9.7664000e+04 6.0899218e-08 
9.7792000e+04 1.6205536e-07 
9.7920000e+04 2.4492726e-07 
9.8048000e+04 1.6261609e-07 
9.8176000e+04 3.6767251e-08 
9.8304000e+04 1.8731519e-08 
9.8432000e+04 2.2269262e-08 
9.8560000e+04 2.2789569e-08 
9.8688000e+04 1.6944385e-08 
9.8816000e+04 1.3582191e-08 
9.8944000e+04 1.1448479e-08 
9.9072000e+04 8.8389687e-09 
9.9200000e+04 8.1223073e-09 
9.9328000e+04 8.2977722e-09 
9.9456000e+04 8.5229077e-09 
9.9584000e+04 8.5582785e-09 
9.9712000e+04 8.8693195e-09 
9.9840000e+04 1.0513391e-08 
9.9968000e+04 1.0979551e-08 
1.0009600e+05 9.3843147e-09 
1.0022400e+05 8.5602139e-09 
1.0035200e+05 7.8691604e-09 
1.0048000e+05 7.7167428e-09 
1.0060800e+05 7.6315407e-09 
1.0073600e+05 7.6521980e-09 
1.0086400e+05 7.8277624e-09 
1.0099200e+05 8.3710150e-09 
1.0112000e+05 9.1809529e-09 
1.0124800e+05 1.1261733e-08 
1.0137600e+05 1.3430474e-08 
1.0150400e+05 1.2416601e-08 
1.0163200e+05 1.0365237e-08 
1.0176000e+05 9.1738794e-09 
1.0188800e+05 1.0263890e-08 
1.0201600e+05 1.2681772e-08 
1.0214400e+05 1.1697314e-08 
1.0227200e+05 1.3448757e-08 
1.0240000e+05 2.2905363e-08 
