0.0000000e+00 1.3842662e-04 
1.2800000e+02 6.9518384e-05 
2.5600000e+02 3.9850197e-06 
3.8400000e+02 2.0104364e-06 
5.1200000e+02 1.4846406e-06 
6.4000000e+02 1.1780692e-06 
7.6800000e+02 1.0640296e-06 
8.9600000e+02 1.0563539e-06 
1.0240000e+03 1.0368083e-06 
1.1520000e+03 1.0525576e-06 
1.2800000e+03 1.0518979e-06 
1.4080000e+03 1.0246843e-06 
1.5360000e+03 1.0231228e-06 
1.6640000e+03 1.0247833e-06 
1.7920000e+03 1.0248283e-06 
1.9200000e+03 1.0202421e-06 
2.0480000e+03 1.0180712e-06 
2.1760000e+03 1.0186884e-06 
2.3040000e+03 1.0159206e-06 
2.4320000e+03 1.0155092e-06 
2.5600000e+03 1.0179629e-06 
2.6880000e+03 1.0199979e-06 
2.8160000e+03 1.0154322e-06 
2.9440000e+03 1.0130591e-06 
3.0720000e+03 1.0125776e-06 
3.2000000e+03 1.0125176e-06 
3.3280000e+03 1.0114076e-06 
3.4560000e+03 1.0086219e-06 
3.5840000e+03 1.0084481e-06 
3.7120000e+03 1.0104997e-06 
3.8400000e+03 1.0133829e-06 
3.9680000e+03 1.0101425e-06 
4.0960000e+03 1.0086252e-06 
4.2240000e+03 1.0092954e-06 
4.3520000e+03 1.0109657e-06 
4.4800000e+03 1.0129701e-06 
4.6080000e+03 1.0123485e-06 
4.7360000e+03 1.0201704e-06 
4.8640000e+03 1.0146108e-06 
4.9920000e+03 1.0080672e-06 
5.1200000e+03 1.0126198e-06 
5.2480000e+03 1.0140718e-06 
5.3760000e+03 1.0123352e-06 
5.5040000e+03 1.0062890e-06 
5.6320000e+03 1.0059488e-06 
5.7600000e+03 1.0110878e-06 
5.8880000e+03 1.0106794e-06 
6.0160000e+03 1.0079200e-06 
6.1440000e+03 1.0083418e-06 
6.2720000e+03 1.0129835e-06 
6.4000000e+03 1.0123764e-06 
6.5280000e+03 1.0061499e-06 
6.6560000e+03 1.0058251e-06 
6.7840000e+03 1.0078094e-06 
6.9120000e+03 1.0140028e-06 
7.0400000e+03 1.0142711e-06 
7.1680000e+03 1.0119941e-06 
7.2960000e+03 1.0155314e-06 
7.4240000e+03 1.0176846e-06 
7.5520000e+03 1.0139905e-06 
7.6800000e+03 1.0056882e-06 
7.8080000e+03 1.0091791e-06 
7.9360000e+03 1.0104675e-06 
8.0640000e+03 1.0143580e-06 
8.1920000e+03 1.0147969e-06 
8.3200000e+03 1.0175594e-06 
8.4480000e+03 1.0147389e-06 
8.5760000e+03 1.0079798e-06 
8.7040000e+03 1.0089675e-06 
8.8320000e+03 1.0127133e-06 
8.9600000e+03 1.0110723e-06 
9.0880000e+03 1.0062327e-06 
9.2160000e+03 1.0059244e-06 
9.3440000e+03 1.0078281e-06 
9.4720000e+03 1.0107559e-06 
9.6000000e+03 1.0131314e-06 
9.7280000e+03 1.0108869e-06 
9.8560000e+03 1.0144817e-06 
9.9840000e+03 1.0153074e-06 
1.0112000e+04 1.0138124e-06 
1.0240000e+04 1.0108203e-06 
1.0368000e+04 1.0119441e-06 
1.0496000e+04 1.0107360e-06 
1.0624000e+04 1.0067985e-06 
1.0752000e+04 1.0095337e-06 
1.0880000e+04 1.0130302e-06 
1.1008000e+04 1.0114653e-06 
1.1136000e+04 1.0052157e-06 
1.1264000e+04 1.0100925e-06 
1.1392000e+04 1.0114020e-06 
1.1520000e+04 1.0146799e-06 
1.1648000e+04 1.0170847e-06 
1.1776000e+04 1.0289176e-06 
1.1904000e+04 1.0157622e-06 
1.2032000e+04 1.0117919e-06 
1.2160000e+04 1.0141130e-06 
1.2288000e+04 1.0145897e-06 
1.2416000e+04 1.0163568e-06 
1.2544000e+04 1.0181808e-06 
1.2672000e+04 1.0150821e-06 
1.2800000e+04 1.0117352e-06 
1.2928000e+04 1.0067145e-06 
1.3056000e+04 1.0067388e-06 
1.3184000e+04 1.0092190e-06 
1.3312000e+04 1.0082376e-06 
1.3440000e+04 1.0127544e-06 
1.3568000e+04 1.0154512e-06 
1.3696000e+04 1.0132015e-06 
1.3824000e+04 1.0069213e-06 
1.3952000e+04 1.0116308e-06 
1.4080000e+04 1.0160501e-06 
1.4208000e+04 1.0087891e-06 
1.4336000e+04 1.0099062e-06 
1.4464000e+04 1.0054321e-06 
1.4592000e+04 1.0060802e-06 
1.4720000e+04 1.0093121e-06 
1.4848000e+04 1.0112599e-06 
1.4976000e+04 1.0149942e-06 
1.5104000e+04 1.0105041e-06 
1.5232000e+04 1.0139894e-06 
1.5360000e+04 1.0109446e-06 
1.5488000e+04 1.0124509e-06 
1.5616000e+04 1.0143513e-06 
1.5744000e+04 1.0086939e-06 
1.5872000e+04 1.0085643e-06 
1.6000000e+04 1.0058969e-06 
1.6128000e+04 1.0092988e-06 
1.6256000e+04 1.0133372e-06 
1.6384000e+04 1.0087737e-06 
1.6512000e+04 1.0044257e-06 
1.6640000e+04 1.0070549e-06 
1.6768000e+04 1.0088556e-06 
1.6896000e+04 1.0141698e-06 
1.7024000e+04 1.0138124e-06 
1.7152000e+04 1.0131570e-06 
1.7280000e+04 1.0098640e-06 
1.7408000e+04 1.0093009e-06 
1.7536000e+04 1.0103321e-06 
1.7664000e+04 1.0120907e-06 
1.7792000e+04 1.0132427e-06 
1.7920000e+04 1.0052036e-06 
1.8048000e+04 1.0076445e-06 
1.8176000e+04 1.0144705e-06 
1.8304000e+04 1.0139304e-06 
1.8432000e+04 1.0176063e-06 
1.8560000e+04 1.0115475e-06 
1.8688000e+04 1.0068715e-06 
1.8816000e+04 1.0072009e-06 
1.8944000e+04 1.0093453e-06 
1.9072000e+04 1.0069223e-06 
1.9200000e+04 1.0094008e-06 
1.9328000e+04 1.0140284e-06 
1.9456000e+04 1.0200192e-06 
1.9584000e+04 1.0434593e-06 
1.9712000e+04 1.0211902e-06 
1.9840000e+04 1.0102389e-06 
1.9968000e+04 1.0119652e-06 
2.0096000e+04 1.0120152e-06 
2.0224000e+04 1.0099106e-06 
2.0352000e+04 1.0110123e-06 
2.0480000e+04 1.0119019e-06 
2.0608000e+04 1.0119196e-06 
2.0736000e+04 1.0101490e-06 
2.0864000e+04 1.0084702e-06 
2.0992000e+04 1.0074951e-06 
2.1120000e+04 1.0094407e-06 
2.1248000e+04 1.0102034e-06 
2.1376000e+04 1.0094727e-06 
2.1504000e+04 1.0073115e-06 
2.1632000e+04 1.0057798e-06 
2.1760000e+04 1.0092101e-06 
2.1888000e+04 1.0079721e-06 
2.2016000e+04 1.0101901e-06 
2.2144000e+04 1.0026672e-06 
2.2272000e+04 1.0021544e-06 
2.2400000e+04 1.0132126e-06 
2.2528000e+04 1.0126677e-06 
2.2656000e+04 1.0130414e-06 
2.2784000e+04 1.0146186e-06 
2.2912000e+04 1.0121486e-06 
2.3040000e+04 1.0163568e-06 
2.3168000e+04 1.0126632e-06 
2.3296000e+04 1.0090682e-06 
2.3424000e+04 1.0104729e-06 
2.3552000e+04 1.0104076e-06 
2.3680000e+04 1.0063951e-06 
2.3808000e+04 1.0103088e-06 
2.3936000e+04 1.0058317e-06 
2.4064000e+04 1.0084957e-06 
2.4192000e+04 1.0103754e-06 
2.4320000e+04 1.0145206e-06 
2.4448000e+04 1.0094185e-06 
2.4576000e+04 1.0098486e-06 
2.4704000e+04 1.0084923e-06 
2.4832000e+04 1.0075372e-06 
2.4960000e+04 1.0074299e-06 
2.5088000e+04 1.0122652e-06 
2.5216000e+04 1.0146275e-06 
2.5344000e+04 1.0130079e-06 
2.5472000e+04 1.0134607e-06 
2.5600000e+04 1.0082820e-06 
2.5728000e+04 1.0088755e-06 
2.5856000e+04 1.0109002e-06 
2.5984000e+04 1.0101812e-06 
2.6112000e+04 1.0082078e-06 
2.6240000e+04 1.0073712e-06 
2.6368000e+04 1.0140295e-06 
2.6496000e+04 1.0119641e-06 
2.6624000e+04 1.0079433e-06 
2.6752000e+04 1.0150599e-06 
2.6880000e+04 1.0120774e-06 
2.7008000e+04 1.0095592e-06 
2.7136000e+04 1.0091569e-06 
2.7264000e+04 1.0062912e-06 
2.7392000e+04 1.0131993e-06 
2.7520000e+04 1.0091702e-06 
2.7648000e+04 1.0076988e-06 
2.7776000e+04 1.0095736e-06 
2.7904000e+04 1.0144782e-06 
2.8032000e+04 1.0095204e-06 
2.8160000e+04 1.0050082e-06 
2.8288000e+04 1.0018034e-06 
2.8416000e+04 1.0053349e-06 
2.8544000e+04 1.0103654e-06 
2.8672000e+04 1.0078879e-06 
2.8800000e+04 1.0105850e-06 
2.8928000e+04 1.0127800e-06 
2.9056000e+04 1.0105517e-06 
2.9184000e+04 1.0057501e-06 
2.9312000e+04 1.0120841e-06 
2.9440000e+04 1.0122063e-06 
2.9568000e+04 1.0071722e-06 
2.9696000e+04 1.0117042e-06 
2.9824000e+04 1.0115731e-06 
2.9952000e+04 1.0145395e-06 
3.0080000e+04 1.0135230e-06 
3.0208000e+04 1.0114164e-06 
3.0336000e+04 1.0116374e-06 
3.0464000e+04 1.0132371e-06 
3.0592000e+04 1.0125553e-06 
3.0720000e+04 1.0100681e-06 
3.0848000e+04 1.0075449e-06 
3.0976000e+04 1.0076733e-06 
3.1104000e+04 1.0115708e-06 
3.1232000e+04 1.0131025e-06 
3.1360000e+04 1.0076789e-06 
3.1488000e+04 1.0072474e-06 
3.1616000e+04 1.0048592e-06 
3.1744000e+04 1.0013074e-06 
3.1872000e+04 1.0034425e-06 
3.2000000e+04 1.0108337e-06 
3.2128000e+04 1.0115797e-06 
3.2256000e+04 1.0105451e-06 
3.2384000e+04 1.0099106e-06 
3.2512000e+04 1.0066847e-06 
3.2640000e+04 1.0030999e-06 
3.2768000e+04 1.0046861e-06 
3.2896000e+04 1.0089974e-06 
3.3024000e+04 1.0104097e-06 
3.3152000e+04 1.0098097e-06 
3.3280000e+04 1.0107482e-06 
3.3408000e+04 1.0105130e-06 
3.3536000e+04 1.0033522e-06 
3.3664000e+04 1.0077905e-06 
3.3792000e+04 1.0146744e-06 
3.3920000e+04 1.0180422e-06 
3.4048000e+04 1.0146264e-06 
3.4176000e+04 1.0114953e-06 
3.4304000e+04 1.0095105e-06 
3.4432000e+04 1.0097000e-06 
3.4560000e+04 1.0060415e-06 
3.4688000e+04 1.0058162e-06 
3.4816000e+04 1.0095913e-06 
3.4944000e+04 1.0037995e-06 
3.5072000e+04 1.0085710e-06 
3.5200000e+04 1.0142890e-06 
3.5328000e+04 1.0137378e-06 
3.5456000e+04 1.0103321e-06 
3.5584000e+04 1.0016790e-06 
3.5712000e+04 1.0068825e-06 
3.5840000e+04 1.0099760e-06 
3.5968000e+04 1.0101280e-06 
3.6096000e+04 1.0127221e-06 
3.6224000e+04 1.0112133e-06 
3.6352000e+04 1.0084624e-06 
3.6480000e+04 1.0114676e-06 
3.6608000e+04 1.0123675e-06 
3.6736000e+04 1.0096801e-06 
3.6864000e+04 1.0128022e-06 
3.6992000e+04 1.0168669e-06 
3.7120000e+04 1.0144705e-06 
3.7248000e+04 1.0099384e-06 
3.7376000e+04 1.0120385e-06 
3.7504000e+04 1.0107116e-06 
3.7632000e+04 1.0154210e-06 
3.7760000e+04 1.0181764e-06 
3.7888000e+04 1.0159519e-06 
3.8016000e+04 1.0125686e-06 
3.8144000e+04 1.0131693e-06 
3.8272000e+04 1.0116930e-06 
3.8400000e+04 1.0098929e-06 
3.8528000e+04 1.0159797e-06 
3.8656000e+04 1.0070771e-06 
3.8784000e+04 1.0074365e-06 
3.8912000e+04 1.0075106e-06 
3.9040000e+04 1.0173717e-06 
3.9168000e+04 1.0431535e-06 
3.9296000e+04 1.0224030e-06 
3.9424000e+04 1.0090329e-06 
3.9552000e+04 1.0076191e-06 
3.9680000e+04 1.0116742e-06 
3.9808000e+04 1.0055877e-06 
3.9936000e+04 1.0058394e-06 
4.0064000e+04 1.0116997e-06 
4.0192000e+04 1.0175639e-06 
4.0320000e+04 1.0131358e-06 
4.0448000e+04 1.0114665e-06 
4.0576000e+04 1.0132248e-06 
4.0704000e+04 1.0113754e-06 
4.0832000e+04 1.0082189e-06 
4.0960000e+04 1.0112955e-06 
4.1088000e+04 1.0151546e-06 
4.1216000e+04 1.0073779e-06 
4.1344000e+04 1.0136165e-06 
4.1472000e+04 1.0161449e-06 
4.1600000e+04 1.0110567e-06 
4.1728000e+04 1.0103853e-06 
4.1856000e+04 1.0090849e-06 
4.1984000e+04 1.0140050e-06 
4.2112000e+04 1.0127277e-06 
4.2240000e+04 1.0140830e-06 
4.2368000e+04 1.0386517e-06 
4.2496000e+04 1.0530871e-06 
4.2624000e+04 1.0306170e-06 
4.2752000e+04 1.0158939e-06 
4.2880000e+04 1.0180869e-06 
4.3008000e+04 1.0185196e-06 
4.3136000e+04 1.0157154e-06 
4.3264000e+04 1.0155414e-06 
4.3392000e+04 1.0126009e-06 
4.3520000e+04 1.0159150e-06 
4.3648000e+04 1.0112121e-06 
4.3776000e+04 1.0105729e-06 
4.3904000e+04 1.0118786e-06 
4.4032000e+04 1.0089043e-06 
4.4160000e+04 1.0081768e-06 
4.4288000e+04 1.0076953e-06 
4.4416000e+04 1.0084624e-06 
4.4544000e+04 1.0078061e-06 
4.4672000e+04 1.0085776e-06 
4.4800000e+04 1.0132471e-06 
4.4928000e+04 1.0132483e-06 
4.5056000e+04 1.0126242e-06 
4.5184000e+04 1.0126854e-06 
4.5312000e+04 1.0146866e-06 
4.5440000e+04 1.0121796e-06 
4.5568000e+04 1.0160757e-06 
4.5696000e+04 1.0094883e-06 
4.5824000e+04 1.0108014e-06 
4.5952000e+04 1.0141064e-06 
4.6080000e+04 1.0145685e-06 
4.6208000e+04 1.0094240e-06 
4.6336000e+04 1.0102943e-06 
4.6464000e+04 1.0136655e-06 
4.6592000e+04 1.0129612e-06 
4.6720000e+04 1.0091613e-06 
4.6848000e+04 1.0104808e-06 
4.6976000e+04 1.0168859e-06 
4.7104000e+04 1.0093098e-06 
4.7232000e+04 1.0112533e-06 
4.7360000e+04 1.0188763e-06 
4.7488000e+04 1.0146186e-06 
4.7616000e+04 1.0122008e-06 
4.7744000e+04 1.0157198e-06 
4.7872000e+04 1.0130847e-06 
4.8000000e+04 1.0131014e-06 
4.8128000e+04 1.0155292e-06 
4.8256000e+04 1.0138702e-06 
4.8384000e+04 1.0136955e-06 
4.8512000e+04 1.0153765e-06 
4.8640000e+04 1.0184491e-06 
4.8768000e+04 1.0137134e-06 
4.8896000e+04 1.0160902e-06 
4.9024000e+04 1.0130747e-06 
4.9152000e+04 1.0109535e-06 
4.9280000e+04 1.0134585e-06 
4.9408000e+04 1.0144560e-06 
4.9536000e+04 1.0102078e-06 
4.9664000e+04 1.0112577e-06 
4.9792000e+04 1.0135342e-06 
4.9920000e+04 1.0116563e-06 
5.0048000e+04 1.0137679e-06 
5.0176000e+04 1.0143925e-06 
5.0304000e+04 1.0120364e-06 
5.0432000e+04 1.0083551e-06 
5.0560000e+04 1.0061377e-06 
5.0688000e+04 1.0093642e-06 
5.0816000e+04 1.0103676e-06 
5.0944000e+04 1.0070937e-06 
5.1072000e+04 1.0082920e-06 
5.1200000e+04 1.0110812e-06 
5.1328000e+04 1.0053757e-06 
5.1456000e+04 1.0113787e-06 
5.1584000e+04 1.0076943e-06 
5.1712000e+04 1.0089033e-06 
5.1840000e+04 1.0102733e-06 
5.1968000e+04 1.0115175e-06 
5.2096000e+04 1.0116186e-06 
5.2224000e+04 1.0107537e-06 
5.2352000e+04 1.0135942e-06 
5.2480000e+04 1.0117142e-06 
5.2608000e+04 1.0131737e-06 
5.2736000e+04 1.0228947e-06 
5.2864000e+04 1.0217914e-06 
5.2992000e+04 1.0141765e-06 
5.3120000e+04 1.0126154e-06 
5.3248000e+04 1.0157098e-06 
5.3376000e+04 1.0159196e-06 
5.3504000e+04 1.0161973e-06 
5.3632000e+04 1.0181149e-06 
5.3760000e+04 1.0181137e-06 
5.3888000e+04 1.0116942e-06 
5.4016000e+04 1.0149874e-06 
5.4144000e+04 1.0186258e-06 
5.4272000e+04 1.0177561e-06 
5.4400000e+04 1.0181316e-06 
5.4528000e+04 1.0163033e-06 
5.4656000e+04 1.0111733e-06 
5.4784000e+04 1.0113442e-06 
5.4912000e+04 1.0083152e-06 
5.5040000e+04 1.0144527e-06 
5.5168000e+04 1.0131137e-06 
5.5296000e+04 1.0110767e-06 
5.5424000e+04 1.0147969e-06 
5.5552000e+04 1.0194930e-06 
5.5680000e+04 1.0189144e-06 
5.5808000e+04 1.0170947e-06 
5.5936000e+04 1.0174545e-06 
5.6064000e+04 1.0127366e-06 
5.6192000e+04 1.0147434e-06 
5.6320000e+04 1.0171975e-06 
5.6448000e+04 1.0142265e-06 
5.6576000e+04 1.0079466e-06 
5.6704000e+04 1.0102201e-06 
5.6832000e+04 1.0092633e-06 
5.6960000e+04 1.0095525e-06 
5.7088000e+04 1.0106527e-06 
5.7216000e+04 1.0095991e-06 
5.7344000e+04 1.0101292e-06 
5.7472000e+04 1.0116952e-06 
5.7600000e+04 1.0093453e-06 
5.7728000e+04 1.0039319e-06 
5.7856000e+04 1.0085212e-06 
5.7984000e+04 1.0121018e-06 
5.8112000e+04 1.0110168e-06 
5.8240000e+04 1.0133361e-06 
5.8368000e+04 1.0108813e-06 
5.8496000e+04 1.0079443e-06 
5.8624000e+04 1.0181898e-06 
5.8752000e+04 1.0575225e-06 
5.8880000e+04 1.0263722e-06 
5.9008000e+04 1.0135942e-06 
5.9136000e+04 1.0113209e-06 
5.9264000e+04 1.0131514e-06 
5.9392000e+04 1.0107804e-06 
5.9520000e+04 1.0072949e-06 
5.9648000e+04 1.0101779e-06 
5.9776000e+04 1.0103410e-06 
5.9904000e+04 1.0233092e-06 
6.0032000e+04 1.0103643e-06 
6.0160000e+04 1.0065730e-06 
6.0288000e+04 1.0102078e-06 
6.0416000e+04 1.0114020e-06 
6.0544000e+04 1.0114730e-06 
6.0672000e+04 1.0122130e-06 
6.0800000e+04 1.0082576e-06 
6.0928000e+04 1.0101124e-06 
6.1056000e+04 1.0077264e-06 
6.1184000e+04 1.0105795e-06 
6.1312000e+04 1.0099506e-06 
6.1440000e+04 1.0094407e-06 
6.1568000e+04 1.0139348e-06 
6.1696000e+04 1.0151747e-06 
6.1824000e+04 1.0150197e-06 
6.1952000e+04 1.0213483e-06 
6.2080000e+04 1.0244278e-06 
6.2208000e+04 1.0205009e-06 
6.2336000e+04 1.0163424e-06 
6.2464000e+04 1.0198725e-06 
6.2592000e+04 1.0183251e-06 
6.2720000e+04 1.0175047e-06 
6.2848000e+04 1.0160634e-06 
6.2976000e+04 1.0155326e-06 
6.3104000e+04 1.0200595e-06 
6.3232000e+04 1.0224558e-06 
6.3360000e+04 1.0348862e-06 
6.3488000e+04 1.0209402e-06 
6.3616000e+04 1.0095913e-06 
6.3744000e+04 1.0157388e-06 
6.3872000e+04 1.0265513e-06 
6.4000000e+04 1.0370951e-06 
6.4128000e+04 1.0228599e-06 
6.4256000e+04 1.0161215e-06 
6.4384000e+04 1.0106572e-06 
6.4512000e+04 1.0103543e-06 
6.4640000e+04 1.0177114e-06 
6.4768000e+04 1.0200114e-06 
6.4896000e+04 1.0152114e-06 
6.5024000e+04 1.0081513e-06 
6.5152000e+04 1.0126954e-06 
6.5280000e+04 1.0142288e-06 
6.5408000e+04 1.0103354e-06 
6.5536000e+04 1.0082521e-06 
6.5664000e+04 1.0087581e-06 
6.5792000e+04 1.0083107e-06 
6.5920000e+04 1.0069798e-06 
6.6048000e+04 1.0109080e-06 
6.6176000e+04 1.0091968e-06 
6.6304000e+04 1.0070937e-06 
6.6432000e+04 1.0099018e-06 
6.6560000e+04 1.0062460e-06 
6.6688000e+04 9.9953240e-07 
6.6816000e+04 1.0036331e-06 
6.6944000e+04 1.0049597e-06 
6.7072000e+04 1.0035252e-06 
6.7200000e+04 1.0069234e-06 
6.7328000e+04 1.0063188e-06 
6.7456000e+04 9.9778345e-07 
6.7584000e+04 9.9907925e-07 
6.7712000e+04 1.0010315e-06 
6.7840000e+04 9.9996373e-07 
6.7968000e+04 1.0026099e-06 
6.8096000e+04 1.0194448e-06 
6.8224000e+04 1.0415868e-06 
6.8352000e+04 1.0114676e-06 
6.8480000e+04 1.0089365e-06 
6.8608000e+04 1.0076556e-06 
6.8736000e+04 1.0063630e-06 
6.8864000e+04 1.0056330e-06 
6.8992000e+04 1.0054011e-06 
6.9120000e+04 1.0042515e-06 
6.9248000e+04 1.0062736e-06 
6.9376000e+04 1.0044301e-06 
6.9504000e+04 1.0038007e-06 
6.9632000e+04 1.0059919e-06 
6.9760000e+04 1.0044170e-06 
6.9888000e+04 1.0075627e-06 
7.0016000e+04 1.0093642e-06 
7.0144000e+04 1.0077242e-06 
7.0272000e+04 1.0081801e-06 
7.0400000e+04 1.0066692e-06 
7.0528000e+04 1.0033411e-06 
7.0656000e+04 1.0048769e-06 
7.0784000e+04 1.0048648e-06 
7.0912000e+04 1.0089386e-06 
7.1040000e+04 1.0087548e-06 
7.1168000e+04 1.0076567e-06 
7.1296000e+04 1.0071689e-06 
7.1424000e+04 1.0019596e-06 
7.1552000e+04 1.0053227e-06 
7.1680000e+04 1.0052510e-06 
7.1808000e+04 1.0057191e-06 
7.1936000e+04 1.0072131e-06 
7.2064000e+04 1.0085045e-06 
7.2192000e+04 1.0058693e-06 
7.2320000e+04 1.0032156e-06 
7.2448000e+04 1.0066625e-06 
7.2576000e+04 1.0094872e-06 
7.2704000e+04 1.0075073e-06 
7.2832000e+04 1.0062548e-06 
7.2960000e+04 1.0045139e-06 
7.3088000e+04 1.0030944e-06 
7.3216000e+04 1.0018782e-06 
7.3344000e+04 1.0065675e-06 
7.3472000e+04 1.0109968e-06 
7.3600000e+04 1.0098197e-06 
7.3728000e+04 1.0112288e-06 
7.3856000e+04 1.0084060e-06 
7.3984000e+04 1.0121174e-06 
7.4112000e+04 1.0071877e-06 
7.4240000e+04 1.0024658e-06 
7.4368000e+04 1.0073791e-06 
7.4496000e+04 1.0110745e-06 
7.4624000e+04 1.0108514e-06 
7.4752000e+04 1.0096834e-06 
7.4880000e+04 1.0060349e-06 
7.5008000e+04 1.0049288e-06 
7.5136000e+04 1.0016109e-06 
7.5264000e+04 9.9872170e-07 
7.5392000e+04 1.0056639e-06 
7.5520000e+04 1.0029502e-06 
7.5648000e+04 1.0109945e-06 
7.5776000e+04 1.0235744e-06 
7.5904000e+04 1.0125598e-06 
7.6032000e+04 1.0055392e-06 
7.6160000e+04 1.0042272e-06 
7.6288000e+04 1.0001032e-06 
7.6416000e+04 1.0026430e-06 
7.6544000e+04 1.0039352e-06 
7.6672000e+04 1.0102389e-06 
7.6800000e+04 1.0050744e-06 
7.6928000e+04 1.0070119e-06 
7.7056000e+04 1.0108170e-06 
7.7184000e+04 1.0071225e-06 
7.7312000e+04 1.0039660e-06 
7.7440000e+04 1.0032982e-06 
7.7568000e+04 1.0052235e-06 
7.7696000e+04 1.0040861e-06 
7.7824000e+04 1.0093343e-06 
7.7952000e+04 1.0029876e-06 
7.8080000e+04 1.0048207e-06 
7.8208000e+04 1.0116041e-06 
7.8336000e+04 1.0411500e-06 
7.8464000e+04 1.0199968e-06 
7.8592000e+04 1.0033070e-06 
7.8720000e+04 1.0043309e-06 
7.8848000e+04 1.0061697e-06 
7.8976000e+04 1.0122163e-06 
7.9104000e+04 1.0023811e-06 
7.9232000e+04 1.0033092e-06 
7.9360000e+04 1.0102611e-06 
7.9488000e+04 1.0110600e-06 
7.9616000e+04 1.0107127e-06 
7.9744000e+04 1.0067100e-06 
7.9872000e+04 1.0060284e-06 
8.0000000e+04 1.0076644e-06 
8.0128000e+04 1.0090184e-06 
8.0256000e+04 1.0066339e-06 
8.0384000e+04 1.0073127e-06 
8.0512000e+04 1.0017022e-06 
8.0640000e+04 9.9516092e-07 
8.0768000e+04 9.9576096e-07 
8.0896000e+04 1.0000505e-06 
8.1024000e+04 9.9936995e-07 
8.1152000e+04 1.0055800e-06 
8.1280000e+04 1.0008249e-06 
8.1408000e+04 9.9862302e-07 
8.1536000e+04 1.0067974e-06 
8.1664000e+04 1.0067897e-06 
8.1792000e+04 1.0042185e-06 
8.1920000e+04 1.0050965e-06 
8.2048000e+04 1.0093087e-06 
8.2176000e+04 1.0085521e-06 
8.2304000e+04 1.0093630e-06 
8.2432000e+04 1.0046023e-06 
8.2560000e+04 1.0011975e-06 
8.2688000e+04 1.0008831e-06 
8.2816000e+04 1.0039582e-06 
8.2944000e+04 1.0069168e-06 
8.3072000e+04 1.0105773e-06 
8.3200000e+04 1.0079001e-06 
8.3328000e+04 1.0038734e-06 
8.3456000e+04 1.0028489e-06 
8.3584000e+04 1.0007799e-06 
8.3712000e+04 1.0030096e-06 
8.3840000e+04 1.0056528e-06 
8.3968000e+04 1.0075428e-06 
8.4096000e+04 1.0037169e-06 
8.4224000e+04 1.0077773e-06 
8.4352000e+04 1.0058958e-06 
8.4480000e+04 1.0068438e-06 
8.4608000e+04 1.0085897e-06 
8.4736000e+04 1.0074177e-06 
8.4864000e+04 1.0056219e-06 
8.4992000e+04 1.0088567e-06 
8.5120000e+04 1.0036717e-06 
8.5248000e+04 1.0035814e-06 
8.5376000e+04 1.0095381e-06 
8.5504000e+04 1.0102744e-06 
8.5632000e+04 1.0214369e-06 
8.5760000e+04 1.0293809e-06 
8.5888000e+04 1.0326773e-06 
8.6016000e+04 1.0291108e-06 
8.6144000e+04 1.0296386e-06 
8.6272000e+04 1.0223727e-06 
8.6400000e+04 1.0191762e-06 
8.6528000e+04 1.0127088e-06 
8.6656000e+04 1.0104342e-06 
8.6784000e+04 1.0171885e-06 
8.6912000e+04 1.0200158e-06 
8.7040000e+04 1.0254845e-06 
8.7168000e+04 1.0207776e-06 
8.7296000e+04 1.0081591e-06 
8.7424000e+04 1.0100615e-06 
8.7552000e+04 1.0121530e-06 
8.7680000e+04 1.0079609e-06 
8.7808000e+04 1.0115808e-06 
8.7936000e+04 1.0137456e-06 
8.8064000e+04 1.0093875e-06 
8.8192000e+04 1.0087448e-06 
8.8320000e+04 1.0110833e-06 
8.8448000e+04 1.0053304e-06 
8.8576000e+04 1.0062050e-06 
8.8704000e+04 1.0077750e-06 
8.8832000e+04 1.0051053e-06 
8.8960000e+04 1.0065122e-06 
8.9088000e+04 1.0053360e-06 
8.9216000e+04 1.0067388e-06 
8.9344000e+04 1.0097100e-06 
8.9472000e+04 1.0078990e-06 
8.9600000e+04 1.0045648e-06 
8.9728000e+04 1.0008458e-06 
8.9856000e+04 1.0032398e-06 
8.9984000e+04 1.0050369e-06 
9.0112000e+04 1.0040873e-06 
9.0240000e+04 1.0052697e-06 
9.0368000e+04 1.0060714e-06 
9.0496000e+04 1.0080606e-06 
9.0624000e+04 1.0073558e-06 
9.0752000e+04 1.0063520e-06 
9.0880000e+04 1.0041633e-06 
9.1008000e+04 1.0093077e-06 
9.1136000e+04 1.0093121e-06 
9.1264000e+04 1.0093564e-06 
9.1392000e+04 1.0141064e-06 
9.1520000e+04 1.0122864e-06 
9.1648000e+04 1.0113521e-06 
9.1776000e+04 1.0100038e-06 
9.1904000e+04 1.0114632e-06 
9.2032000e+04 1.0138481e-06 
9.2160000e+04 1.0132638e-06 
9.2288000e+04 1.0173728e-06 
9.2416000e+04 1.0185520e-06 
9.2544000e+04 1.0181484e-06 
9.2672000e+04 1.0177963e-06 
9.2800000e+04 1.0133306e-06 
9.2928000e+04 1.0199934e-06 
9.3056000e+04 1.0230452e-06 
9.3184000e+04 1.0184636e-06 
9.3312000e+04 1.0138369e-06 
9.3440000e+04 1.0118919e-06 
9.3568000e+04 1.0235317e-06 
9.3696000e+04 1.0267046e-06 
9.3824000e+04 1.0220674e-06 
9.3952000e+04 1.0194426e-06 
9.4080000e+04 1.0146955e-06 
9.4208000e+04 1.0193295e-06 
9.4336000e+04 1.0190408e-06 
9.4464000e+04 1.0221796e-06 
9.4592000e+04 1.0261648e-06 
9.4720000e+04 1.0278878e-06 
9.4848000e+04 1.0257829e-06 
9.4976000e+04 1.0265107e-06 
9.5104000e+04 1.0275618e-06 
9.5232000e+04 1.0268444e-06 
9.5360000e+04 1.0178678e-06 
9.5488000e+04 1.0130379e-06 
9.5616000e+04 1.0153765e-06 
9.5744000e+04 1.0172645e-06 
9.5872000e+04 1.0220999e-06 
9.6000000e+04 1.0249454e-06 
9.6128000e+04 1.0335281e-06 
9.6256000e+04 1.0404619e-06 
9.6384000e+04 1.0457038e-06 
9.6512000e+04 1.0410917e-06 
9.6640000e+04 1.0409580e-06 
9.6768000e+04 1.0446033e-06 
9.6896000e+04 1.0438638e-06 
9.7024000e+04 1.0336041e-06 
9.7152000e+04 1.0263766e-06 
9.7280000e+04 1.0276982e-06 
9.7408000e+04 1.0236508e-06 
9.7536000e+04 1.0170545e-06 
9.7664000e+04 1.0114742e-06 
9.7792000e+04 1.0116164e-06 
9.7920000e+04 1.0065907e-06 
9.8048000e+04 1.0053834e-06 
9.8176000e+04 1.0044434e-06 
9.8304000e+04 1.0070185e-06 
9.8432000e+04 1.0076113e-06 
9.8560000e+04 1.0066957e-06 
9.8688000e+04 1.0075316e-06 
9.8816000e+04 1.0042086e-06 
9.8944000e+04 1.0043761e-06 
9.9072000e+04 1.0074830e-06 
9.9200000e+04 1.0056153e-06 
9.9328000e+04 1.0016032e-06 
9.9456000e+04 1.0040840e-06 
9.9584000e+04 1.0027762e-06 
9.9712000e+04 1.0044125e-06 
9.9840000e+04 1.0036321e-06 
9.9968000e+04 1.0022786e-06 
1.0009600e+05 1.0039065e-06 
1.0022400e+05 1.0064570e-06 
1.0035200e+05 1.0058119e-06 
1.0048000e+05 1.0084182e-06 
1.0060800e+05 1.0067610e-06 
1.0073600e+05 1.0003855e-06 
1.0086400e+05 9.9891031e-07 
1.0099200e+05 1.0002526e-06 
1.0112000e+05 1.0028886e-06 
1.0124800e+05 1.0074586e-06 
1.0137600e+05 1.0063410e-06 
1.0150400e+05 1.0065775e-06 
1.0163200e+05 9.9991769e-07 
1.0176000e+05 9.9842237e-07 
1.0188800e+05 9.9845965e-07 
1.0201600e+05 1.0011106e-06 
1.0214400e+05 9.9959823e-07 
1.0227200e+05 1.0007886e-06 
1.0240000e+05 9.9958072e-07 
