0.0000000e+00 2.7935841e-04 
1.2800000e+02 1.4182404e-04 
2.5600000e+02 1.6570169e-05 
3.8400000e+02 8.5343881e-06 
5.1200000e+02 4.3173113e-06 
6.4000000e+02 2.8160803e-06 
7.6800000e+02 2.4221554e-06 
8.9600000e+02 1.9862775e-06 
1.0240000e+03 1.7294039e-06 
1.1520000e+03 1.8893684e-06 
1.2800000e+03 2.1291210e-06 
1.4080000e+03 1.8123801e-06 
1.5360000e+03 1.6219082e-06 
1.6640000e+03 1.6069142e-06 
1.7920000e+03 1.6078108e-06 
1.9200000e+03 1.5241501e-06 
2.0480000e+03 1.5582477e-06 
2.1760000e+03 1.5442474e-06 
2.3040000e+03 1.5123081e-06 
2.4320000e+03 1.5569223e-06 
2.5600000e+03 1.5138664e-06 
2.6880000e+03 1.4984952e-06 
2.8160000e+03 1.5297413e-06 
2.9440000e+03 1.4956877e-06 
3.0720000e+03 1.4857918e-06 
3.2000000e+03 1.4993000e-06 
3.3280000e+03 1.4518173e-06 
3.4560000e+03 1.4447999e-06 
3.5840000e+03 1.4480046e-06 
3.7120000e+03 1.4627294e-06 
3.8400000e+03 1.4727805e-06 
3.9680000e+03 1.4865620e-06 
4.0960000e+03 1.4815369e-06 
4.2240000e+03 1.4923496e-06 
4.3520000e+03 1.4918417e-06 
4.4800000e+03 1.4769697e-06 
4.6080000e+03 1.4681259e-06 
4.7360000e+03 1.4550887e-06 
4.8640000e+03 1.4716733e-06 
4.9920000e+03 1.4697549e-06 
5.1200000e+03 1.4582010e-06 
5.2480000e+03 1.4663507e-06 
5.3760000e+03 1.4626715e-06 
5.5040000e+03 1.4437533e-06 
5.6320000e+03 1.4466586e-06 
5.7600000e+03 1.4457265e-06 
5.8880000e+03 1.4476581e-06 
6.0160000e+03 1.4367384e-06 
6.1440000e+03 1.4276887e-06 
6.2720000e+03 1.4351446e-06 
6.4000000e+03 1.4411369e-06 
6.5280000e+03 1.4380863e-06 
6.6560000e+03 1.4485246e-06 
6.7840000e+03 1.4419456e-06 
6.9120000e+03 1.4354030e-06 
7.0400000e+03 1.4283739e-06 
7.1680000e+03 1.4555010e-06 
7.2960000e+03 1.7971263e-06 
7.4240000e+03 3.0558413e-06 
7.5520000e+03 2.5010991e-06 
7.6800000e+03 1.4895160e-06 
7.8080000e+03 1.4584973e-06 
7.9360000e+03 1.4446206e-06 
8.0640000e+03 1.4407002e-06 
8.1920000e+03 1.4419188e-06 
8.3200000e+03 1.4296982e-06 
8.4480000e+03 1.4447634e-06 
8.5760000e+03 1.4529016e-06 
8.7040000e+03 1.4432793e-06 
8.8320000e+03 1.4540171e-06 
8.9600000e+03 1.4633029e-06 
9.0880000e+03 1.4722033e-06 
9.2160000e+03 1.4732706e-06 
9.3440000e+03 1.4676569e-06 
9.4720000e+03 1.4664375e-06 
9.6000000e+03 1.4472321e-06 
9.7280000e+03 1.4482320e-06 
9.8560000e+03 1.5298253e-06 
9.9840000e+03 1.5805481e-06 
1.0112000e+04 1.4487441e-06 
1.0240000e+04 1.4515957e-06 
1.0368000e+04 1.4480539e-06 
1.0496000e+04 1.4466808e-06 
1.0624000e+04 1.4795423e-06 
1.0752000e+04 1.4895160e-06 
1.0880000e+04 1.4675505e-06 
1.1008000e+04 1.4516802e-06 
1.1136000e+04 1.4601701e-06 
1.1264000e+04 1.4768190e-06 
1.1392000e+04 1.4663700e-06 
1.1520000e+04 1.4576937e-06 
1.1648000e+04 1.4936003e-06 
1.1776000e+04 1.5228153e-06 
1.1904000e+04 1.5355873e-06 
1.2032000e+04 1.4860022e-06 
1.2160000e+04 1.4401008e-06 
1.2288000e+04 1.4353635e-06 
1.2416000e+04 1.4358175e-06 
1.2544000e+04 1.4510332e-06 
1.2672000e+04 1.4442511e-06 
1.2800000e+04 1.4302713e-06 
1.2928000e+04 1.4379378e-06 
1.3056000e+04 1.4555985e-06 
1.3184000e+04 1.4495364e-06 
1.3312000e+04 1.4207551e-06 
1.3440000e+04 1.4321474e-06 
1.3568000e+04 1.4538016e-06 
1.3696000e+04 1.4483926e-06 
1.3824000e+04 1.4378400e-06 
1.3952000e+04 1.4323251e-06 
1.4080000e+04 1.4298269e-06 
1.4208000e+04 1.4122912e-06 
1.4336000e+04 1.4225143e-06 
1.4464000e+04 1.4383215e-06 
1.4592000e+04 1.4552469e-06 
1.4720000e+04 1.4876854e-06 
1.4848000e+04 1.9607160e-06 
1.4976000e+04 1.9701288e-06 
1.5104000e+04 1.4919433e-06 
1.5232000e+04 1.4352831e-06 
1.5360000e+04 1.4347963e-06 
1.5488000e+04 1.4317135e-06 
1.5616000e+04 1.4286593e-06 
1.5744000e+04 1.4281857e-06 
1.5872000e+04 1.4407951e-06 
1.6000000e+04 1.4405437e-06 
1.6128000e+04 1.4303481e-06 
1.6256000e+04 1.4336609e-06 
1.6384000e+04 1.4313709e-06 
1.6512000e+04 1.4364640e-06 
1.6640000e+04 1.4445524e-06 
1.6768000e+04 1.4193254e-06 
1.6896000e+04 1.4098883e-06 
1.7024000e+04 1.4356505e-06 
1.7152000e+04 1.4494154e-06 
1.7280000e+04 1.4330031e-06 
1.7408000e+04 1.4198397e-06 
1.7536000e+04 1.4139670e-06 
1.7664000e+04 1.4189499e-06 
1.7792000e+04 1.4196355e-06 
1.7920000e+04 1.4437881e-06 
1.8048000e+04 1.4507019e-06 
1.8176000e+04 1.5035862e-06 
1.8304000e+04 1.8109797e-06 
1.8432000e+04 1.9574679e-06 
1.8560000e+04 1.6123098e-06 
1.8688000e+04 1.4539262e-06 
1.8816000e+04 1.4415373e-06 
1.8944000e+04 1.4570808e-06 
1.9072000e+04 1.4509695e-06 
1.9200000e+04 1.4391414e-06 
1.9328000e+04 1.4508071e-06 
1.9456000e+04 2.7431020e-06 
1.9584000e+04 5.2142423e-06 
1.9712000e+04 3.0569620e-06 
1.9840000e+04 1.4497911e-06 
1.9968000e+04 1.4443748e-06 
2.0096000e+04 1.4467698e-06 
2.0224000e+04 1.4403649e-06 
2.0352000e+04 1.4404899e-06 
2.0480000e+04 1.4474324e-06 
2.0608000e+04 1.4485628e-06 
2.0736000e+04 1.4539357e-06 
2.0864000e+04 1.4526943e-06 
2.0992000e+04 1.4406148e-06 
2.1120000e+04 1.4474991e-06 
2.1248000e+04 1.4434869e-06 
2.1376000e+04 1.4440101e-06 
2.1504000e+04 1.4419568e-06 
2.1632000e+04 1.4402100e-06 
2.1760000e+04 1.4372275e-06 
2.1888000e+04 1.4307581e-06 
2.2016000e+04 1.4376047e-06 
2.2144000e+04 1.4911228e-06 
2.2272000e+04 1.7268007e-06 
2.2400000e+04 1.8428240e-06 
2.2528000e+04 1.5558047e-06 
2.2656000e+04 1.4674587e-06 
2.2784000e+04 1.4677569e-06 
2.2912000e+04 1.4389138e-06 
2.3040000e+04 1.4286013e-06 
2.3168000e+04 1.4189935e-06 
2.3296000e+04 1.4431779e-06 
2.3424000e+04 1.4415499e-06 
2.3552000e+04 1.4245570e-06 
2.3680000e+04 1.4400060e-06 
2.3808000e+04 1.4624211e-06 
2.3936000e+04 1.4534776e-06 
2.4064000e+04 1.4619330e-06 
2.4192000e+04 1.4466078e-06 
2.4320000e+04 1.4424539e-06 
2.4448000e+04 1.4401372e-06 
2.4576000e+04 1.4537410e-06 
2.4704000e+04 1.4616843e-06 
2.4832000e+04 1.4374848e-06 
2.4960000e+04 1.4442431e-06 
2.5088000e+04 1.4433190e-06 
2.5216000e+04 1.4396929e-06 
2.5344000e+04 1.4533898e-06 
2.5472000e+04 1.4499104e-06 
2.5600000e+04 1.4361076e-06 
2.5728000e+04 1.4421388e-06 
2.5856000e+04 1.4465538e-06 
2.5984000e+04 1.4527342e-06 
2.6112000e+04 1.4503897e-06 
2.6240000e+04 1.4475388e-06 
2.6368000e+04 1.4454631e-06 
2.6496000e+04 1.4562107e-06 
2.6624000e+04 1.4446967e-06 
2.6752000e+04 1.4345553e-06 
2.6880000e+04 1.4517726e-06 
2.7008000e+04 1.4425094e-06 
2.7136000e+04 1.4299509e-06 
2.7264000e+04 1.4340104e-06 
2.7392000e+04 1.4436994e-06 
2.7520000e+04 1.4536931e-06 
2.7648000e+04 1.4405879e-06 
2.7776000e+04 1.4342010e-06 
2.7904000e+04 1.4317199e-06 
2.8032000e+04 1.4230438e-06 
2.8160000e+04 1.4310880e-06 
2.8288000e+04 1.4404613e-06 
2.8416000e+04 1.4361833e-06 
2.8544000e+04 1.4456821e-06 
2.8672000e+04 1.4463998e-06 
2.8800000e+04 1.4437786e-06 
2.8928000e+04 1.4500490e-06 
2.9056000e+04 1.4559230e-06 
2.9184000e+04 1.4573624e-06 
2.9312000e+04 1.4441702e-06 
2.9440000e+04 1.4619459e-06 
2.9568000e+04 1.5060166e-06 
2.9696000e+04 1.6080720e-06 
2.9824000e+04 1.7259913e-06 
2.9952000e+04 1.6000498e-06 
3.0080000e+04 1.5016212e-06 
3.0208000e+04 1.4646160e-06 
3.0336000e+04 1.4629350e-06 
3.0464000e+04 1.4523689e-06 
3.0592000e+04 1.4527932e-06 
3.0720000e+04 1.4477232e-06 
3.0848000e+04 1.4498738e-06 
3.0976000e+04 1.4542454e-06 
3.1104000e+04 1.4550041e-06 
3.1232000e+04 1.4356946e-06 
3.1360000e+04 1.4109490e-06 
3.1488000e+04 1.4379584e-06 
3.1616000e+04 1.4486454e-06 
3.1744000e+04 1.4469858e-06 
3.1872000e+04 1.4555329e-06 
3.2000000e+04 1.4441781e-06 
3.2128000e+04 1.4320689e-06 
3.2256000e+04 1.4311179e-06 
3.2384000e+04 1.4388380e-06 
3.2512000e+04 1.4584797e-06 
3.2640000e+04 1.4606270e-06 
3.2768000e+04 1.4488952e-06 
3.2896000e+04 1.4348342e-06 
3.3024000e+04 1.4260672e-06 
3.3152000e+04 1.4391888e-06 
3.3280000e+04 1.4363474e-06 
3.3408000e+04 1.4435012e-06 
3.3536000e+04 1.4535957e-06 
3.3664000e+04 1.4492516e-06 
3.3792000e+04 1.4295301e-06 
3.3920000e+04 1.4378273e-06 
3.4048000e+04 1.4451711e-06 
3.4176000e+04 1.4453631e-06 
3.4304000e+04 1.4373838e-06 
3.4432000e+04 1.4328033e-06 
3.4560000e+04 1.4379300e-06 
3.4688000e+04 1.4408473e-06 
3.4816000e+04 1.4336138e-06 
3.4944000e+04 1.4358507e-06 
3.5072000e+04 1.4392821e-06 
3.5200000e+04 1.4390229e-06 
3.5328000e+04 1.4475579e-06 
3.5456000e+04 1.4484514e-06 
3.5584000e+04 1.4363710e-06 
3.5712000e+04 1.4441242e-06 
3.5840000e+04 1.4551271e-06 
3.5968000e+04 1.4468143e-06 
3.6096000e+04 1.4424587e-06 
3.6224000e+04 1.4464188e-06 
3.6352000e+04 1.4349066e-06 
3.6480000e+04 1.4575720e-06 
3.6608000e+04 1.5261144e-06 
3.6736000e+04 1.6038121e-06 
3.6864000e+04 1.6216749e-06 
3.6992000e+04 1.5647317e-06 
3.7120000e+04 1.5548211e-06 
3.7248000e+04 1.6230839e-06 
3.7376000e+04 1.5788276e-06 
3.7504000e+04 1.4951328e-06 
3.7632000e+04 1.4634121e-06 
3.7760000e+04 1.4499615e-06 
3.7888000e+04 1.4668160e-06 
3.8016000e+04 1.4724927e-06 
3.8144000e+04 1.4577672e-06 
3.8272000e+04 1.4450140e-06 
3.8400000e+04 1.4349192e-06 
3.8528000e+04 1.4331164e-06 
3.8656000e+04 1.4224721e-06 
3.8784000e+04 1.4407192e-06 
3.8912000e+04 1.4469414e-06 
3.9040000e+04 2.4324934e-06 
3.9168000e+04 4.8004244e-06 
3.9296000e+04 3.0211193e-06 
3.9424000e+04 1.4663700e-06 
3.9552000e+04 1.4479363e-06 
3.9680000e+04 1.4536404e-06 
3.9808000e+04 1.4600755e-06 
3.9936000e+04 1.4304895e-06 
4.0064000e+04 1.4395317e-06 
4.0192000e+04 1.4398037e-06 
4.0320000e+04 1.4260954e-06 
4.0448000e+04 1.4241380e-06 
4.0576000e+04 1.4402842e-06 
4.0704000e+04 1.4413853e-06 
4.0832000e+04 1.4520596e-06 
4.0960000e+04 1.4874632e-06 
4.1088000e+04 1.5578953e-06 
4.1216000e+04 1.5548347e-06 
4.1344000e+04 1.7777973e-06 
4.1472000e+04 1.8416771e-06 
4.1600000e+04 1.6010797e-06 
4.1728000e+04 1.5069478e-06 
4.1856000e+04 1.4573527e-06 
4.1984000e+04 1.4529336e-06 
4.2112000e+04 1.4550600e-06 
4.2240000e+04 1.4710157e-06 
4.2368000e+04 1.5125190e-06 
4.2496000e+04 1.5433948e-06 
4.2624000e+04 1.5012733e-06 
4.2752000e+04 1.4584060e-06 
4.2880000e+04 1.4520788e-06 
4.3008000e+04 1.4455821e-06 
4.3136000e+04 1.4600899e-06 
4.3264000e+04 1.4690869e-06 
4.3392000e+04 1.4448791e-06 
4.3520000e+04 1.4397799e-06 
4.3648000e+04 1.4517233e-06 
4.3776000e+04 1.4596860e-06 
4.3904000e+04 1.4674217e-06 
4.4032000e+04 1.4661284e-06 
4.4160000e+04 1.4483910e-06 
4.4288000e+04 1.4557327e-06 
4.4416000e+04 1.4646000e-06 
4.4544000e+04 1.5024078e-06 
4.4672000e+04 1.5759388e-06 
4.4800000e+04 1.5865744e-06 
4.4928000e+04 1.5074905e-06 
4.5056000e+04 1.4537968e-06 
4.5184000e+04 1.4405421e-06 
4.5312000e+04 1.4439847e-06 
4.5440000e+04 1.4641563e-06 
4.5568000e+04 1.4598110e-06 
4.5696000e+04 1.4556896e-06 
4.5824000e+04 1.4472766e-06 
4.5952000e+04 1.4453599e-06 
4.6080000e+04 1.4323173e-06 
4.6208000e+04 1.4436201e-06 
4.6336000e+04 1.4490320e-06 
4.6464000e+04 1.4592902e-06 
4.6592000e+04 1.4417906e-06 
4.6720000e+04 1.4307016e-06 
4.6848000e+04 1.4331699e-06 
4.6976000e+04 1.4312923e-06 
4.7104000e+04 1.4265809e-06 
4.7232000e+04 1.4386753e-06 
4.7360000e+04 1.4455599e-06 
4.7488000e+04 1.4597981e-06 
4.7616000e+04 1.4668788e-06 
4.7744000e+04 1.4561388e-06 
4.7872000e+04 1.4458615e-06 
4.8000000e+04 1.4491275e-06 
4.8128000e+04 1.4496685e-06 
4.8256000e+04 1.4421975e-06 
4.8384000e+04 1.4426757e-06 
4.8512000e+04 1.4400218e-06 
4.8640000e+04 1.4380926e-06 
4.8768000e+04 1.4397056e-06 
4.8896000e+04 1.4316962e-06 
4.9024000e+04 1.4417652e-06 
4.9152000e+04 1.4272248e-06 
4.9280000e+04 1.4365934e-06 
4.9408000e+04 1.4275962e-06 
4.9536000e+04 1.4521792e-06 
4.9664000e+04 1.4560860e-06 
4.9792000e+04 1.4324667e-06 
4.9920000e+04 1.4561467e-06 
5.0048000e+04 1.4547181e-06 
5.0176000e+04 1.4245790e-06 
5.0304000e+04 1.4191960e-06 
5.0432000e+04 1.4275195e-06 
5.0560000e+04 1.4324935e-06 
5.0688000e+04 1.4480428e-06 
5.0816000e+04 1.4401720e-06 
5.0944000e+04 1.4307581e-06 
5.1072000e+04 1.4475055e-06 
5.1200000e+04 1.4429593e-06 
5.1328000e+04 1.4382489e-06 
5.1456000e+04 1.4478885e-06 
5.1584000e+04 1.4432445e-06 
5.1712000e+04 1.4525443e-06 
5.1840000e+04 1.4543413e-06 
5.1968000e+04 1.4828958e-06 
5.2096000e+04 1.5431152e-06 
5.2224000e+04 1.5484989e-06 
5.2352000e+04 1.5005038e-06 
5.2480000e+04 1.4755839e-06 
5.2608000e+04 1.4540012e-06 
5.2736000e+04 1.4437549e-06 
5.2864000e+04 1.4447744e-06 
5.2992000e+04 1.4436296e-06 
5.3120000e+04 1.4536676e-06 
5.3248000e+04 1.4399349e-06 
5.3376000e+04 1.4357371e-06 
5.3504000e+04 1.4507401e-06 
5.3632000e+04 1.4429260e-06 
5.3760000e+04 1.4328301e-06 
5.3888000e+04 1.4503818e-06 
5.4016000e+04 1.4454615e-06 
5.4144000e+04 1.4399886e-06 
5.4272000e+04 1.4473291e-06 
5.4400000e+04 1.4546894e-06 
5.4528000e+04 1.4441290e-06 
5.4656000e+04 1.4433855e-06 
5.4784000e+04 1.4457408e-06 
5.4912000e+04 1.4752551e-06 
5.5040000e+04 1.5136288e-06 
5.5168000e+04 1.5303814e-06 
5.5296000e+04 1.5013113e-06 
5.5424000e+04 1.5044399e-06 
5.5552000e+04 1.4824449e-06 
5.5680000e+04 1.4579354e-06 
5.5808000e+04 1.4693741e-06 
5.5936000e+04 1.4540938e-06 
5.6064000e+04 1.4347601e-06 
5.6192000e+04 1.4461568e-06 
5.6320000e+04 1.4610890e-06 
5.6448000e+04 1.4503102e-06 
5.6576000e+04 1.4313081e-06 
5.6704000e+04 1.4298755e-06 
5.6832000e+04 1.4383057e-06 
5.6960000e+04 1.4328191e-06 
5.7088000e+04 1.4404313e-06 
5.7216000e+04 1.4455281e-06 
5.7344000e+04 1.4595657e-06 
5.7472000e+04 1.4389486e-06 
5.7600000e+04 1.4260406e-06 
5.7728000e+04 1.4472942e-06 
5.7856000e+04 1.4615479e-06 
5.7984000e+04 1.4392077e-06 
5.8112000e+04 1.4373838e-06 
5.8240000e+04 1.4492803e-06 
5.8368000e+04 1.4372497e-06 
5.8496000e+04 1.4359152e-06 
5.8624000e+04 2.2715849e-06 
5.8752000e+04 4.6556743e-06 
5.8880000e+04 3.0851272e-06 
5.9008000e+04 1.4652466e-06 
5.9136000e+04 1.4344450e-06 
5.9264000e+04 1.4574199e-06 
5.9392000e+04 1.4762888e-06 
5.9520000e+04 1.4870485e-06 
5.9648000e+04 1.4943270e-06 
5.9776000e+04 1.4921447e-06 
5.9904000e+04 1.4738530e-06 
6.0032000e+04 1.4699873e-06 
6.0160000e+04 1.4634635e-06 
6.0288000e+04 1.4604827e-06 
6.0416000e+04 1.4308350e-06 
6.0544000e+04 1.4457726e-06 
6.0672000e+04 1.4560188e-06 
6.0800000e+04 1.4565577e-06 
6.0928000e+04 1.4386105e-06 
6.1056000e+04 1.4366896e-06 
6.1184000e+04 1.4276824e-06 
6.1312000e+04 1.4323299e-06 
6.1440000e+04 1.4473990e-06 
6.1568000e+04 1.4436724e-06 
6.1696000e+04 1.4471384e-06 
6.1824000e+04 1.4532973e-06 
6.1952000e+04 1.4522892e-06 
6.2080000e+04 1.4744680e-06 
6.2208000e+04 1.4654155e-06 
6.2336000e+04 1.4650150e-06 
6.2464000e+04 1.4714923e-06 
6.2592000e+04 1.4565145e-06 
6.2720000e+04 1.4555410e-06 
6.2848000e+04 1.4681308e-06 
6.2976000e+04 1.4487027e-06 
6.3104000e+04 1.4518571e-06 
6.3232000e+04 1.4732301e-06 
6.3360000e+04 1.5018884e-06 
6.3488000e+04 1.4831074e-06 
6.3616000e+04 1.4512356e-06 
6.3744000e+04 1.4419758e-06 
6.3872000e+04 1.4511799e-06 
6.4000000e+04 1.4587744e-06 
6.4128000e+04 1.4504088e-06 
6.4256000e+04 1.4393737e-06 
6.4384000e+04 1.4311619e-06 
6.4512000e+04 1.4565466e-06 
6.4640000e+04 1.4524869e-06 
6.4768000e+04 1.4460584e-06 
6.4896000e+04 1.4475452e-06 
6.5024000e+04 1.4419410e-06 
6.5152000e+04 1.4592902e-06 
6.5280000e+04 1.4599264e-06 
6.5408000e+04 1.4721694e-06 
6.5536000e+04 1.4666823e-06 
6.5664000e+04 1.4465204e-06 
6.5792000e+04 1.4330172e-06 
6.5920000e+04 1.4400898e-06 
6.6048000e+04 1.4345932e-06 
6.6176000e+04 1.4483337e-06 
6.6304000e+04 1.4547852e-06 
6.6432000e+04 1.4509998e-06 
6.6560000e+04 1.4335964e-06 
6.6688000e+04 1.4555777e-06 
6.6816000e+04 1.4681646e-06 
6.6944000e+04 1.4745749e-06 
6.7072000e+04 1.4864103e-06 
6.7200000e+04 1.4765466e-06 
6.7328000e+04 1.4854950e-06 
6.7456000e+04 1.4780665e-06 
6.7584000e+04 1.4656617e-06 
6.7712000e+04 1.4568888e-06 
6.7840000e+04 1.4434156e-06 
6.7968000e+04 1.4292007e-06 
6.8096000e+04 1.4679229e-06 
6.8224000e+04 1.5381337e-06 
6.8352000e+04 1.4647062e-06 
6.8480000e+04 1.4498675e-06 
6.8608000e+04 1.4526927e-06 
6.8736000e+04 1.4545744e-06 
6.8864000e+04 1.4386595e-06 
6.8992000e+04 1.4503499e-06 
6.9120000e+04 1.4484466e-06 
6.9248000e+04 1.4434252e-06 
6.9376000e+04 1.4382094e-06 
6.9504000e+04 1.4370540e-06 
6.9632000e+04 1.4466110e-06 
6.9760000e+04 1.4379536e-06 
6.9888000e+04 1.4305036e-06 
7.0016000e+04 1.4293199e-06 
7.0144000e+04 1.4314417e-06 
7.0272000e+04 1.4394543e-06 
7.0400000e+04 1.4415942e-06 
7.0528000e+04 1.4452711e-06 
7.0656000e+04 1.4370240e-06 
7.0784000e+04 1.4331447e-06 
7.0912000e+04 1.4375038e-06 
7.1040000e+04 1.4131568e-06 
7.1168000e+04 1.4226048e-06 
7.1296000e+04 1.4446158e-06 
7.1424000e+04 1.4321506e-06 
7.1552000e+04 1.4317984e-06 
7.1680000e+04 1.4347444e-06 
7.1808000e+04 1.4420439e-06 
7.1936000e+04 1.4483496e-06 
7.2064000e+04 1.4405753e-06 
7.2192000e+04 1.4261627e-06 
7.2320000e+04 1.4359593e-06 
7.2448000e+04 1.4569111e-06 
7.2576000e+04 1.4595530e-06 
7.2704000e+04 1.4374912e-06 
7.2832000e+04 1.4476867e-06 
7.2960000e+04 1.4314542e-06 
7.3088000e+04 1.4280132e-06 
7.3216000e+04 1.4589265e-06 
7.3344000e+04 1.4552326e-06 
7.3472000e+04 1.4730247e-06 
7.3600000e+04 1.4761575e-06 
7.3728000e+04 1.4711676e-06 
7.3856000e+04 1.4667210e-06 
7.3984000e+04 1.4714421e-06 
7.4112000e+04 1.4757670e-06 
7.4240000e+04 1.4822821e-06 
7.4368000e+04 1.4903258e-06 
7.4496000e+04 1.4842379e-06 
7.4624000e+04 1.4723407e-06 
7.4752000e+04 1.4680453e-06 
7.4880000e+04 1.4601781e-06 
7.5008000e+04 1.4397515e-06 
7.5136000e+04 1.4204478e-06 
7.5264000e+04 1.4396819e-06 
7.5392000e+04 1.4424302e-06 
7.5520000e+04 1.4420676e-06 
7.5648000e+04 1.4549178e-06 
7.5776000e+04 1.4797926e-06 
7.5904000e+04 1.4370461e-06 
7.6032000e+04 1.4328709e-06 
7.6160000e+04 1.4307534e-06 
7.6288000e+04 1.4247776e-06 
7.6416000e+04 1.4263522e-06 
7.6544000e+04 1.4333289e-06 
7.6672000e+04 1.4501859e-06 
7.6800000e+04 1.4457233e-06 
7.6928000e+04 1.4398383e-06 
7.7056000e+04 1.4380389e-06 
7.7184000e+04 1.4362669e-06 
7.7312000e+04 1.4419425e-06 
7.7440000e+04 1.4509759e-06 
7.7568000e+04 1.4472400e-06 
7.7696000e+04 1.4316522e-06 
7.7824000e+04 1.4272640e-06 
7.7952000e+04 1.4383105e-06 
7.8080000e+04 1.4442543e-06 
7.8208000e+04 2.1429958e-06 
7.8336000e+04 4.4929407e-06 
7.8464000e+04 3.1410241e-06 
7.8592000e+04 1.4454171e-06 
7.8720000e+04 1.4167548e-06 
7.8848000e+04 1.4433396e-06 
7.8976000e+04 1.4849438e-06 
7.9104000e+04 1.4477152e-06 
7.9232000e+04 1.4344608e-06 
7.9360000e+04 1.4408237e-06 
7.9488000e+04 1.4397657e-06 
7.9616000e+04 1.4307659e-06 
7.9744000e+04 1.4362984e-06 
7.9872000e+04 1.4393974e-06 
8.0000000e+04 1.4459266e-06 
8.0128000e+04 1.4431209e-06 
8.0256000e+04 1.4465618e-06 
8.0384000e+04 1.4321978e-06 
8.0512000e+04 1.4458852e-06 
8.0640000e+04 1.4554435e-06 
8.0768000e+04 1.4385663e-06 
8.0896000e+04 1.4273015e-06 
8.1024000e+04 1.4215337e-06 
8.1152000e+04 1.4367984e-06 
8.1280000e+04 1.4473084e-06 
8.1408000e+04 1.4474006e-06 
8.1536000e+04 1.4520724e-06 
8.1664000e+04 1.4530117e-06 
8.1792000e+04 1.4643508e-06 
8.1920000e+04 1.6000323e-06 
8.2048000e+04 2.5943875e-06 
8.2176000e+04 4.7012368e-06 
8.2304000e+04 5.6574436e-06 
8.2432000e+04 4.4274038e-06 
8.2560000e+04 2.9423848e-06 
8.2688000e+04 4.7423637e-06 
8.2816000e+04 6.1313713e-06 
8.2944000e+04 3.7083196e-06 
8.3072000e+04 1.8991185e-06 
8.3200000e+04 1.7699560e-06 
8.3328000e+04 1.6929156e-06 
8.3456000e+04 1.5665419e-06 
8.3584000e+04 1.4755256e-06 
8.3712000e+04 1.4468270e-06 
8.3840000e+04 1.4422322e-06 
8.3968000e+04 1.4665229e-06 
8.4096000e+04 1.4778798e-06 
8.4224000e+04 1.5087209e-06 
8.4352000e+04 1.5336059e-06 
8.4480000e+04 1.5495125e-06 
8.4608000e+04 1.5588261e-06 
8.4736000e+04 1.5597660e-06 
8.4864000e+04 1.5639107e-06 
8.4992000e+04 1.5396374e-06 
8.5120000e+04 1.5293634e-06 
8.5248000e+04 1.5281634e-06 
8.5376000e+04 1.4941219e-06 
8.5504000e+04 1.4773136e-06 
8.5632000e+04 1.4869734e-06 
8.5760000e+04 1.5035316e-06 
8.5888000e+04 1.5175626e-06 
8.6016000e+04 1.4866486e-06 
8.6144000e+04 1.4861948e-06 
8.6272000e+04 1.4925921e-06 
8.6400000e+04 1.4769730e-06 
8.6528000e+04 1.4676262e-06 
8.6656000e+04 1.4687934e-06 
8.6784000e+04 1.4758837e-06 
8.6912000e+04 1.4880301e-06 
8.7040000e+04 1.4809774e-06 
8.7168000e+04 1.5271854e-06 
8.7296000e+04 1.7869186e-06 
8.7424000e+04 2.3615937e-06 
8.7552000e+04 2.6082569e-06 
8.7680000e+04 2.4753151e-06 
8.7808000e+04 2.0331654e-06 
8.7936000e+04 1.7535280e-06 
8.8064000e+04 1.7793341e-06 
8.8192000e+04 1.6751690e-06 
8.8320000e+04 1.5214499e-06 
8.8448000e+04 1.4626925e-06 
8.8576000e+04 1.4427882e-06 
8.8704000e+04 1.4248214e-06 
8.8832000e+04 1.4434949e-06 
8.8960000e+04 1.4301676e-06 
8.9088000e+04 1.4261877e-06 
8.9216000e+04 1.4482702e-06 
8.9344000e+04 1.4615977e-06 
8.9472000e+04 1.4529559e-06 
8.9600000e+04 1.4501557e-06 
8.9728000e+04 1.4513997e-06 
8.9856000e+04 1.4613361e-06 
8.9984000e+04 1.4492580e-06 
9.0112000e+04 1.4276119e-06 
9.0240000e+04 1.4232297e-06 
9.0368000e+04 1.4318032e-06 
9.0496000e+04 1.4402590e-06 
9.0624000e+04 1.4467444e-06 
9.0752000e+04 1.4403491e-06 
9.0880000e+04 1.4509823e-06 
9.1008000e+04 1.4512659e-06 
9.1136000e+04 1.4455726e-06 
9.1264000e+04 1.4561435e-06 
9.1392000e+04 1.4367905e-06 
9.1520000e+04 1.4470685e-06 
9.1648000e+04 1.4519958e-06 
9.1776000e+04 1.4587871e-06 
9.1904000e+04 1.4496749e-06 
9.2032000e+04 1.4440481e-06 
9.2160000e+04 1.4488140e-06 
9.2288000e+04 1.4478202e-06 
9.2416000e+04 1.4583547e-06 
9.2544000e+04 1.4378858e-06 
9.2672000e+04 1.4375969e-06 
9.2800000e+04 1.4459313e-06 
9.2928000e+04 1.4555186e-06 
9.3056000e+04 1.4713211e-06 
9.3184000e+04 1.4583803e-06 
9.3312000e+04 1.4456583e-06 
9.3440000e+04 1.4365381e-06 
9.3568000e+04 1.4408411e-06 
9.3696000e+04 1.4453885e-06 
9.3824000e+04 1.4399048e-06 
9.3952000e+04 1.4550009e-06 
9.4080000e+04 1.4506717e-06 
9.4208000e+04 1.4511400e-06 
9.4336000e+04 1.4651404e-06 
9.4464000e+04 1.4638846e-06 
9.4592000e+04 1.4510556e-06 
9.4720000e+04 1.4698016e-06 
9.4848000e+04 1.4655507e-06 
9.4976000e+04 1.4637159e-06 
9.5104000e+04 1.4719593e-06 
9.5232000e+04 1.4674781e-06 
9.5360000e+04 1.4672009e-06 
9.5488000e+04 1.4591155e-06 
9.5616000e+04 1.4589201e-06 
9.5744000e+04 1.4631117e-06 
9.5872000e+04 1.4694402e-06 
9.6000000e+04 1.4670898e-06 
9.6128000e+04 1.4978142e-06 
9.6256000e+04 1.5022215e-06 
9.6384000e+04 1.4877965e-06 
9.6512000e+04 1.4937447e-06 
9.6640000e+04 1.5051801e-06 
9.6768000e+04 1.5123065e-06 
9.6896000e+04 1.4965173e-06 
9.7024000e+04 1.4726560e-06 
9.7152000e+04 1.4575368e-06 
9.7280000e+04 1.4546622e-06 
9.7408000e+04 1.4589649e-06 
9.7536000e+04 1.4320610e-06 
9.7664000e+04 1.4343742e-06 
9.7792000e+04 1.9045225e-06 
9.7920000e+04 3.9468059e-06 
9.8048000e+04 2.9622063e-06 
9.8176000e+04 1.4778278e-06 
9.8304000e+04 1.4580089e-06 
9.8432000e+04 1.4290688e-06 
9.8560000e+04 1.4168420e-06 
9.8688000e+04 1.4226766e-06 
9.8816000e+04 1.4297593e-06 
9.8944000e+04 1.4455964e-06 
9.9072000e+04 1.4337901e-06 
9.9200000e+04 1.4348310e-06 
9.9328000e+04 1.4199223e-06 
9.9456000e+04 1.4280116e-06 
9.9584000e+04 1.4260046e-06 
9.9712000e+04 1.4317654e-06 
9.9840000e+04 1.4274630e-06 
9.9968000e+04 1.4187100e-06 
1.0009600e+05 1.4254316e-06 
1.0022400e+05 1.4433126e-06 
1.0035200e+05 1.4434473e-06 
1.0048000e+05 1.4404377e-06 
1.0060800e+05 1.4377010e-06 
1.0073600e+05 1.4363426e-06 
1.0086400e+05 1.4350610e-06 
1.0099200e+05 1.4391351e-06 
1.0112000e+05 1.4282170e-06 
1.0124800e+05 1.4195732e-06 
1.0137600e+05 1.4148274e-06 
1.0150400e+05 1.4249404e-06 
1.0163200e+05 1.4328238e-06 
1.0176000e+05 1.4402796e-06 
1.0188800e+05 1.4446714e-06 
1.0201600e+05 1.4447776e-06 
1.0214400e+05 1.4471273e-06 
1.0227200e+05 1.4396629e-06 
1.0240000e+05 1.4286264e-06 
