0.0000000e+00 2.6485560e-04 
1.2800000e+02 1.3348479e-04 
2.5600000e+02 7.2731646e-06 
3.8400000e+02 3.7970292e-06 
5.1200000e+02 2.7099363e-06 
6.4000000e+02 2.1037713e-06 
7.6800000e+02 1.7985119e-06 
8.9600000e+02 1.4788894e-06 
1.0240000e+03 1.3262338e-06 
1.1520000e+03 1.3736272e-06 
1.2800000e+03 1.5185260e-06 
1.4080000e+03 1.3552399e-06 
1.5360000e+03 1.2532582e-06 
1.6640000e+03 1.2363573e-06 
1.7920000e+03 1.2285698e-06 
1.9200000e+03 1.2117210e-06 
2.0480000e+03 1.2272701e-06 
2.1760000e+03 1.2196682e-06 
2.3040000e+03 1.2030274e-06 
2.4320000e+03 1.2220167e-06 
2.5600000e+03 1.1927345e-06 
2.6880000e+03 1.1879746e-06 
2.8160000e+03 1.2079976e-06 
2.9440000e+03 1.1899537e-06 
3.0720000e+03 1.1808496e-06 
3.2000000e+03 1.1973794e-06 
3.3280000e+03 1.1999866e-06 
3.4560000e+03 1.1869903e-06 
3.5840000e+03 1.1785621e-06 
3.7120000e+03 1.1668991e-06 
3.8400000e+03 1.1848015e-06 
3.9680000e+03 1.1751703e-06 
4.0960000e+03 1.1678360e-06 
4.2240000e+03 1.1752038e-06 
4.3520000e+03 1.1773826e-06 
4.4800000e+03 1.1691908e-06 
4.6080000e+03 1.1690112e-06 
4.7360000e+03 1.1623775e-06 
4.8640000e+03 1.1867661e-06 
4.9920000e+03 1.1887627e-06 
5.1200000e+03 1.1642002e-06 
5.2480000e+03 1.1727122e-06 
5.3760000e+03 1.1841057e-06 
5.5040000e+03 1.1633452e-06 
5.6320000e+03 1.1626098e-06 
5.7600000e+03 1.1731256e-06 
5.8880000e+03 1.1682515e-06 
6.0160000e+03 1.1721330e-06 
6.1440000e+03 1.1495448e-06 
6.2720000e+03 1.1544980e-06 
6.4000000e+03 1.1657389e-06 
6.5280000e+03 1.1579179e-06 
6.6560000e+03 1.1557383e-06 
6.7840000e+03 1.1574502e-06 
6.9120000e+03 1.1574007e-06 
7.0400000e+03 1.1568962e-06 
7.1680000e+03 1.1587714e-06 
7.2960000e+03 1.2924066e-06 
7.4240000e+03 2.0833045e-06 
7.5520000e+03 1.7718206e-06 
7.6800000e+03 1.1736680e-06 
7.8080000e+03 1.1693410e-06 
7.9360000e+03 1.1771951e-06 
8.0640000e+03 1.1600813e-06 
8.1920000e+03 1.1545563e-06 
8.3200000e+03 1.1658860e-06 
8.4480000e+03 1.1737105e-06 
8.5760000e+03 1.1611517e-06 
8.7040000e+03 1.1526779e-06 
8.8320000e+03 1.1637401e-06 
8.9600000e+03 1.1677604e-06 
9.0880000e+03 1.1694566e-06 
9.2160000e+03 1.1714459e-06 
9.3440000e+03 1.1667800e-06 
9.4720000e+03 1.1680347e-06 
9.6000000e+03 1.1495384e-06 
9.7280000e+03 1.1596406e-06 
9.8560000e+03 1.2235499e-06 
9.9840000e+03 1.2651009e-06 
1.0112000e+04 1.1785789e-06 
1.0240000e+04 1.1621695e-06 
1.0368000e+04 1.1658477e-06 
1.0496000e+04 1.1656903e-06 
1.0624000e+04 1.1809935e-06 
1.0752000e+04 1.1996323e-06 
1.0880000e+04 1.1739863e-06 
1.1008000e+04 1.1737815e-06 
1.1136000e+04 1.1708454e-06 
1.1264000e+04 1.1715939e-06 
1.1392000e+04 1.1688314e-06 
1.1520000e+04 1.1868534e-06 
1.1648000e+04 1.2370648e-06 
1.1776000e+04 1.2685044e-06 
1.1904000e+04 1.2172241e-06 
1.2032000e+04 1.1867544e-06 
1.2160000e+04 1.1588185e-06 
1.2288000e+04 1.1575175e-06 
1.2416000e+04 1.1549722e-06 
1.2544000e+04 1.1541254e-06 
1.2672000e+04 1.1744272e-06 
1.2800000e+04 1.1654790e-06 
1.2928000e+04 1.1640979e-06 
1.3056000e+04 1.1624949e-06 
1.3184000e+04 1.1556065e-06 
1.3312000e+04 1.1414289e-06 
1.3440000e+04 1.1530285e-06 
1.3568000e+04 1.1615087e-06 
1.3696000e+04 1.1585640e-06 
1.3824000e+04 1.1759214e-06 
1.3952000e+04 1.1672334e-06 
1.4080000e+04 1.1594636e-06 
1.4208000e+04 1.1607183e-06 
1.4336000e+04 1.1556584e-06 
1.4464000e+04 1.1655072e-06 
1.4592000e+04 1.1643804e-06 
1.4720000e+04 1.1785789e-06 
1.4848000e+04 1.4191041e-06 
1.4976000e+04 1.4465427e-06 
1.5104000e+04 1.1830739e-06 
1.5232000e+04 1.1673899e-06 
1.5360000e+04 1.1653882e-06 
1.5488000e+04 1.1660729e-06 
1.5616000e+04 1.1690779e-06 
1.5744000e+04 1.1724303e-06 
1.5872000e+04 1.1563628e-06 
1.6000000e+04 1.1532754e-06 
1.6128000e+04 1.1492912e-06 
1.6256000e+04 1.1624247e-06 
1.6384000e+04 1.1660192e-06 
1.6512000e+04 1.1547833e-06 
1.6640000e+04 1.1593147e-06 
1.6768000e+04 1.1717019e-06 
1.6896000e+04 1.1747161e-06 
1.7024000e+04 1.1650172e-06 
1.7152000e+04 1.1543408e-06 
1.7280000e+04 1.1549924e-06 
1.7408000e+04 1.1534413e-06 
1.7536000e+04 1.1522729e-06 
1.7664000e+04 1.1748581e-06 
1.7792000e+04 1.1729234e-06 
1.7920000e+04 1.1678693e-06 
1.8048000e+04 1.1743525e-06 
1.8176000e+04 1.1824064e-06 
1.8304000e+04 1.3777023e-06 
1.8432000e+04 1.4843505e-06 
1.8560000e+04 1.2522954e-06 
1.8688000e+04 1.1666710e-06 
1.8816000e+04 1.1474087e-06 
1.8944000e+04 1.1590996e-06 
1.9072000e+04 1.1717405e-06 
1.9200000e+04 1.1579052e-06 
1.9328000e+04 1.1445022e-06 
1.9456000e+04 2.7014994e-06 
1.9584000e+04 5.3791582e-06 
1.9712000e+04 3.0420458e-06 
1.9840000e+04 1.1668247e-06 
1.9968000e+04 1.1618863e-06 
2.0096000e+04 1.1555925e-06 
2.0224000e+04 1.1708647e-06 
2.0352000e+04 1.1662023e-06 
2.0480000e+04 1.1612536e-06 
2.0608000e+04 1.1678821e-06 
2.0736000e+04 1.1683644e-06 
2.0864000e+04 1.1609235e-06 
2.0992000e+04 1.1625229e-06 
2.1120000e+04 1.1626877e-06 
2.1248000e+04 1.1574464e-06 
2.1376000e+04 1.1484195e-06 
2.1504000e+04 1.1533400e-06 
2.1632000e+04 1.1557942e-06 
2.1760000e+04 1.1555227e-06 
2.1888000e+04 1.1615189e-06 
2.2016000e+04 1.1744853e-06 
2.2144000e+04 1.1710589e-06 
2.2272000e+04 1.2887919e-06 
2.2400000e+04 1.4225018e-06 
2.2528000e+04 1.2345274e-06 
2.2656000e+04 1.1703686e-06 
2.2784000e+04 1.1634309e-06 
2.2912000e+04 1.1716286e-06 
2.3040000e+04 1.1685684e-06 
2.3168000e+04 1.1698766e-06 
2.3296000e+04 1.1641451e-06 
2.3424000e+04 1.1556712e-06 
2.3552000e+04 1.1556001e-06 
2.3680000e+04 1.1576535e-06 
2.3808000e+04 1.1662778e-06 
2.3936000e+04 1.1616669e-06 
2.4064000e+04 1.1645568e-06 
2.4192000e+04 1.1719541e-06 
2.4320000e+04 1.1790034e-06 
2.4448000e+04 1.1654483e-06 
2.4576000e+04 1.1640889e-06 
2.4704000e+04 1.1716479e-06 
2.4832000e+04 1.1765038e-06 
2.4960000e+04 1.1894311e-06 
2.5088000e+04 1.1854560e-06 
2.5216000e+04 1.1815382e-06 
2.5344000e+04 1.1851449e-06 
2.5472000e+04 1.1762546e-06 
2.5600000e+04 1.1676001e-06 
2.5728000e+04 1.1649980e-06 
2.5856000e+04 1.1676771e-06 
2.5984000e+04 1.1665813e-06 
2.6112000e+04 1.1530652e-06 
2.6240000e+04 1.1485771e-06 
2.6368000e+04 1.1561065e-06 
2.6496000e+04 1.1675886e-06 
2.6624000e+04 1.1653767e-06 
2.6752000e+04 1.1638550e-06 
2.6880000e+04 1.1608457e-06 
2.7008000e+04 1.1652922e-06 
2.7136000e+04 1.1644187e-06 
2.7264000e+04 1.1692820e-06 
2.7392000e+04 1.1692589e-06 
2.7520000e+04 1.1698509e-06 
2.7648000e+04 1.1644494e-06 
2.7776000e+04 1.1406572e-06 
2.7904000e+04 1.1615660e-06 
2.8032000e+04 1.1715296e-06 
2.8160000e+04 1.1639138e-06 
2.8288000e+04 1.1645312e-06 
2.8416000e+04 1.1460477e-06 
2.8544000e+04 1.1542053e-06 
2.8672000e+04 1.1576078e-06 
2.8800000e+04 1.1426251e-06 
2.8928000e+04 1.1432688e-06 
2.9056000e+04 1.1446568e-06 
2.9184000e+04 1.1554885e-06 
2.9312000e+04 1.1569623e-06 
2.9440000e+04 1.1676321e-06 
2.9568000e+04 1.1757433e-06 
2.9696000e+04 1.2153372e-06 
2.9824000e+04 1.3426169e-06 
2.9952000e+04 1.2704307e-06 
3.0080000e+04 1.1886126e-06 
3.0208000e+04 1.1622205e-06 
3.0336000e+04 1.1665251e-06 
3.0464000e+04 1.1595630e-06 
3.0592000e+04 1.1568619e-06 
3.0720000e+04 1.1564085e-06 
3.0848000e+04 1.1642244e-06 
3.0976000e+04 1.1539734e-06 
3.1104000e+04 1.1496697e-06 
3.1232000e+04 1.1560227e-06 
3.1360000e+04 1.1561915e-06 
3.1488000e+04 1.1544764e-06 
3.1616000e+04 1.1637771e-06 
3.1744000e+04 1.1755432e-06 
3.1872000e+04 1.1660525e-06 
3.2000000e+04 1.1573435e-06 
3.2128000e+04 1.1505373e-06 
3.2256000e+04 1.1562105e-06 
3.2384000e+04 1.1676103e-06 
3.2512000e+04 1.1636736e-06 
3.2640000e+04 1.1636813e-06 
3.2768000e+04 1.1614794e-06 
3.2896000e+04 1.1647793e-06 
3.3024000e+04 1.1419140e-06 
3.3152000e+04 1.1292799e-06 
3.3280000e+04 1.1499727e-06 
3.3408000e+04 1.1665059e-06 
3.3536000e+04 1.1525805e-06 
3.3664000e+04 1.1582218e-06 
3.3792000e+04 1.1586963e-06 
3.3920000e+04 1.1615151e-06 
3.4048000e+04 1.1766459e-06 
3.4176000e+04 1.1644762e-06 
3.4304000e+04 1.1498086e-06 
3.4432000e+04 1.1571884e-06 
3.4560000e+04 1.1673668e-06 
3.4688000e+04 1.1716864e-06 
3.4816000e+04 1.1563006e-06 
3.4944000e+04 1.1590309e-06 
3.5072000e+04 1.1586200e-06 
3.5200000e+04 1.1608049e-06 
3.5328000e+04 1.1677873e-06 
3.5456000e+04 1.1679616e-06 
3.5584000e+04 1.1587217e-06 
3.5712000e+04 1.1634806e-06 
3.5840000e+04 1.1726646e-06 
3.5968000e+04 1.1483022e-06 
3.6096000e+04 1.1600252e-06 
3.6224000e+04 1.1658733e-06 
3.6352000e+04 1.1640378e-06 
3.6480000e+04 1.1880711e-06 
3.6608000e+04 1.2082019e-06 
3.6736000e+04 1.2544601e-06 
3.6864000e+04 1.2690896e-06 
3.6992000e+04 1.2213031e-06 
3.7120000e+04 1.1991820e-06 
3.7248000e+04 1.2631828e-06 
3.7376000e+04 1.2667355e-06 
3.7504000e+04 1.2060958e-06 
3.7632000e+04 1.1817056e-06 
3.7760000e+04 1.1772300e-06 
3.7888000e+04 1.1852087e-06 
3.8016000e+04 1.1653319e-06 
3.8144000e+04 1.1621146e-06 
3.8272000e+04 1.1717495e-06 
3.8400000e+04 1.1728783e-06 
3.8528000e+04 1.1623775e-06 
3.8656000e+04 1.1634284e-06 
3.8784000e+04 1.1542597e-06 
3.8912000e+04 1.1591951e-06 
3.9040000e+04 2.4019066e-06 
3.9168000e+04 4.9777645e-06 
3.9296000e+04 3.0115646e-06 
3.9424000e+04 1.1496129e-06 
3.9552000e+04 1.1517481e-06 
3.9680000e+04 1.1576243e-06 
3.9808000e+04 1.1504666e-06 
3.9936000e+04 1.1535009e-06 
4.0064000e+04 1.1599169e-06 
4.0192000e+04 1.1580146e-06 
4.0320000e+04 1.1558298e-06 
4.0448000e+04 1.1662113e-06 
4.0576000e+04 1.1560785e-06 
4.0704000e+04 1.1597004e-06 
4.0832000e+04 1.1759989e-06 
4.0960000e+04 1.2291418e-06 
4.1088000e+04 1.3057413e-06 
4.1216000e+04 1.2972588e-06 
4.1344000e+04 1.5656786e-06 
4.1472000e+04 1.7070637e-06 
4.1600000e+04 1.4571640e-06 
4.1728000e+04 1.2763265e-06 
4.1856000e+04 1.1767584e-06 
4.1984000e+04 1.1705986e-06 
4.2112000e+04 1.1745691e-06 
4.2240000e+04 1.1844711e-06 
4.2368000e+04 1.2363886e-06 
4.2496000e+04 1.2708479e-06 
4.2624000e+04 1.2187634e-06 
4.2752000e+04 1.1730110e-06 
4.2880000e+04 1.1682476e-06 
4.3008000e+04 1.1550192e-06 
4.3136000e+04 1.1731901e-06 
4.3264000e+04 1.1697147e-06 
4.3392000e+04 1.1654100e-06 
4.3520000e+04 1.1714575e-06 
4.3648000e+04 1.1828206e-06 
4.3776000e+04 1.1958120e-06 
4.3904000e+04 1.1971771e-06 
4.4032000e+04 1.1889546e-06 
4.4160000e+04 1.1815473e-06 
4.4288000e+04 1.1701245e-06 
4.4416000e+04 1.1668697e-06 
4.4544000e+04 1.1898283e-06 
4.4672000e+04 1.2278375e-06 
4.4800000e+04 1.2549216e-06 
4.4928000e+04 1.2085283e-06 
4.5056000e+04 1.1849771e-06 
4.5184000e+04 1.1833623e-06 
4.5312000e+04 1.1851619e-06 
4.5440000e+04 1.1677590e-06 
4.5568000e+04 1.1571123e-06 
4.5696000e+04 1.1644864e-06 
4.5824000e+04 1.1575556e-06 
4.5952000e+04 1.1487953e-06 
4.6080000e+04 1.1515875e-06 
4.6208000e+04 1.1523489e-06 
4.6336000e+04 1.1593835e-06 
4.6464000e+04 1.1626098e-06 
4.6592000e+04 1.1588528e-06 
4.6720000e+04 1.1708158e-06 
4.6848000e+04 1.1582994e-06 
4.6976000e+04 1.1506586e-06 
4.7104000e+04 1.1577820e-06 
4.7232000e+04 1.1683593e-06 
4.7360000e+04 1.1585220e-06 
4.7488000e+04 1.1569166e-06 
4.7616000e+04 1.1593083e-06 
4.7744000e+04 1.1647064e-06 
4.7872000e+04 1.1724574e-06 
4.8000000e+04 1.1581176e-06 
4.8128000e+04 1.1668799e-06 
4.8256000e+04 1.1658477e-06 
4.8384000e+04 1.1605233e-06 
4.8512000e+04 1.1709894e-06 
4.8640000e+04 1.1688571e-06 
4.8768000e+04 1.1580158e-06 
4.8896000e+04 1.1523439e-06 
4.9024000e+04 1.1529449e-06 
4.9152000e+04 1.1520453e-06 
4.9280000e+04 1.1554300e-06 
4.9408000e+04 1.1594904e-06 
4.9536000e+04 1.1613531e-06 
4.9664000e+04 1.1653153e-06 
4.9792000e+04 1.1620010e-06 
4.9920000e+04 1.1645619e-06 
5.0048000e+04 1.1582130e-06 
5.0176000e+04 1.1464037e-06 
5.0304000e+04 1.1563095e-06 
5.0432000e+04 1.1395043e-06 
5.0560000e+04 1.1424871e-06 
5.0688000e+04 1.1568594e-06 
5.0816000e+04 1.1572456e-06 
5.0944000e+04 1.1565050e-06 
5.1072000e+04 1.1602544e-06 
5.1200000e+04 1.1634181e-06 
5.1328000e+04 1.1651861e-06 
5.1456000e+04 1.1593020e-06 
5.1584000e+04 1.1523831e-06 
5.1712000e+04 1.1604074e-06 
5.1840000e+04 1.1727045e-06 
5.1968000e+04 1.1894913e-06 
5.2096000e+04 1.2016585e-06 
5.2224000e+04 1.2209706e-06 
5.2352000e+04 1.2131081e-06 
5.2480000e+04 1.1696980e-06 
5.2608000e+04 1.1687955e-06 
5.2736000e+04 1.1814850e-06 
5.2864000e+04 1.1681733e-06 
5.2992000e+04 1.1678296e-06 
5.3120000e+04 1.1710524e-06 
5.3248000e+04 1.1591836e-06 
5.3376000e+04 1.1720442e-06 
5.3504000e+04 1.1867010e-06 
5.3632000e+04 1.1919909e-06 
5.3760000e+04 1.1846701e-06 
5.3888000e+04 1.1759809e-06 
5.4016000e+04 1.1666582e-06 
5.4144000e+04 1.1764510e-06 
5.4272000e+04 1.1617881e-06 
5.4400000e+04 1.1570677e-06 
5.4528000e+04 1.1654164e-06 
5.4656000e+04 1.1773477e-06 
5.4784000e+04 1.1806824e-06 
5.4912000e+04 1.1722295e-06 
5.5040000e+04 1.2003464e-06 
5.5168000e+04 1.2116705e-06 
5.5296000e+04 1.2016743e-06 
5.5424000e+04 1.1903627e-06 
5.5552000e+04 1.1949236e-06 
5.5680000e+04 1.1853649e-06 
5.5808000e+04 1.1779192e-06 
5.5936000e+04 1.1726736e-06 
5.6064000e+04 1.1690984e-06 
5.6192000e+04 1.1719425e-06 
5.6320000e+04 1.1674771e-06 
5.6448000e+04 1.1683644e-06 
5.6576000e+04 1.1714845e-06 
5.6704000e+04 1.1655046e-06 
5.6832000e+04 1.1668811e-06 
5.6960000e+04 1.1806395e-06 
5.7088000e+04 1.1677488e-06 
5.7216000e+04 1.1726878e-06 
5.7344000e+04 1.1704650e-06 
5.7472000e+04 1.1714267e-06 
5.7600000e+04 1.1742454e-06 
5.7728000e+04 1.1519188e-06 
5.7856000e+04 1.1550927e-06 
5.7984000e+04 1.1608075e-06 
5.8112000e+04 1.1583096e-06 
5.8240000e+04 1.1432287e-06 
5.8368000e+04 1.1517670e-06 
5.8496000e+04 1.1787369e-06 
5.8624000e+04 2.2248464e-06 
5.8752000e+04 4.8462862e-06 
5.8880000e+04 3.1118498e-06 
5.9008000e+04 1.1789828e-06 
5.9136000e+04 1.1926481e-06 
5.9264000e+04 1.1735366e-06 
5.9392000e+04 1.1664597e-06 
5.9520000e+04 1.1856187e-06 
5.9648000e+04 1.2068151e-06 
5.9776000e+04 1.2059263e-06 
5.9904000e+04 1.1908294e-06 
6.0032000e+04 1.1762469e-06 
6.0160000e+04 1.1700101e-06 
6.0288000e+04 1.1586989e-06 
6.0416000e+04 1.1407886e-06 
6.0544000e+04 1.1607515e-06 
6.0672000e+04 1.1616770e-06 
6.0800000e+04 1.1513005e-06 
6.0928000e+04 1.1564543e-06 
6.1056000e+04 1.1636442e-06 
6.1184000e+04 1.1485935e-06 
6.1312000e+04 1.1569508e-06 
6.1440000e+04 1.1728423e-06 
6.1568000e+04 1.1654944e-06 
6.1696000e+04 1.1481333e-06 
6.1824000e+04 1.1594191e-06 
6.1952000e+04 1.1819042e-06 
6.2080000e+04 1.1810156e-06 
6.2208000e+04 1.1761513e-06 
6.2336000e+04 1.1880255e-06 
6.2464000e+04 1.2013300e-06 
6.2592000e+04 1.1983369e-06 
6.2720000e+04 1.1844672e-06 
6.2848000e+04 1.1737982e-06 
6.2976000e+04 1.1702812e-06 
6.3104000e+04 1.1793194e-06 
6.3232000e+04 1.1777511e-06 
6.3360000e+04 1.2472458e-06 
6.3488000e+04 1.2023144e-06 
6.3616000e+04 1.1601717e-06 
6.3744000e+04 1.1705472e-06 
6.3872000e+04 1.1776036e-06 
6.4000000e+04 1.1782103e-06 
6.4128000e+04 1.1808327e-06 
6.4256000e+04 1.1763140e-06 
6.4384000e+04 1.1766150e-06 
6.4512000e+04 1.1856473e-06 
6.4640000e+04 1.1743731e-06 
6.4768000e+04 1.1787251e-06 
6.4896000e+04 1.1778274e-06 
6.5024000e+04 1.1553260e-06 
6.5152000e+04 1.1568125e-06 
6.5280000e+04 1.1835000e-06 
6.5408000e+04 1.1829089e-06 
6.5536000e+04 1.1717636e-06 
6.5664000e+04 1.1548187e-06 
6.5792000e+04 1.1482757e-06 
6.5920000e+04 1.1569471e-06 
6.6048000e+04 1.1640761e-06 
6.6176000e+04 1.1600099e-06 
6.6304000e+04 1.1695568e-06 
6.6432000e+04 1.1792546e-06 
6.6560000e+04 1.1919752e-06 
6.6688000e+04 1.1985633e-06 
6.6816000e+04 1.1834494e-06 
6.6944000e+04 1.1763359e-06 
6.7072000e+04 1.1848847e-06 
6.7200000e+04 1.1854352e-06 
6.7328000e+04 1.1737015e-06 
6.7456000e+04 1.1828453e-06 
6.7584000e+04 1.1743564e-06 
6.7712000e+04 1.1656940e-06 
6.7840000e+04 1.1585144e-06 
6.7968000e+04 1.1622767e-06 
6.8096000e+04 1.2114483e-06 
6.8224000e+04 1.2742738e-06 
6.8352000e+04 1.1848600e-06 
6.8480000e+04 1.1642014e-06 
6.8608000e+04 1.1554034e-06 
6.8736000e+04 1.1532084e-06 
6.8864000e+04 1.1605641e-06 
6.8992000e+04 1.1550165e-06 
6.9120000e+04 1.1623609e-06 
6.9248000e+04 1.1640237e-06 
6.9376000e+04 1.1581367e-06 
6.9504000e+04 1.1613824e-06 
6.9632000e+04 1.1526640e-06 
6.9760000e+04 1.1554238e-06 
6.9888000e+04 1.1591009e-06 
7.0016000e+04 1.1698303e-06 
7.0144000e+04 1.1725655e-06 
7.0272000e+04 1.1646323e-06 
7.0400000e+04 1.1562448e-06 
7.0528000e+04 1.1533654e-06 
7.0656000e+04 1.1587624e-06 
7.0784000e+04 1.1472424e-06 
7.0912000e+04 1.1502088e-06 
7.1040000e+04 1.1481887e-06 
7.1168000e+04 1.1588668e-06 
7.1296000e+04 1.1565215e-06 
7.1424000e+04 1.1594981e-06 
7.1552000e+04 1.1644391e-06 
7.1680000e+04 1.1549836e-06 
7.1808000e+04 1.1383038e-06 
7.1936000e+04 1.1438666e-06 
7.2064000e+04 1.1472487e-06 
7.2192000e+04 1.1507015e-06 
7.2320000e+04 1.1494186e-06 
7.2448000e+04 1.1457344e-06 
7.2576000e+04 1.1484838e-06 
7.2704000e+04 1.1560036e-06 
7.2832000e+04 1.1596546e-06 
7.2960000e+04 1.1623150e-06 
7.3088000e+04 1.1522465e-06 
7.3216000e+04 1.1477829e-06 
7.3344000e+04 1.1656019e-06 
7.3472000e+04 1.1699536e-06 
7.3600000e+04 1.1605463e-06 
7.3728000e+04 1.1489366e-06 
7.3856000e+04 1.1565812e-06 
7.3984000e+04 1.1705665e-06 
7.4112000e+04 1.1587573e-06 
7.4240000e+04 1.1557651e-06 
7.4368000e+04 1.1639036e-06 
7.4496000e+04 1.1782529e-06 
7.4624000e+04 1.1678258e-06 
7.4752000e+04 1.1777872e-06 
7.4880000e+04 1.1806136e-06 
7.5008000e+04 1.1781442e-06 
7.5136000e+04 1.1699510e-06 
7.5264000e+04 1.1532995e-06 
7.5392000e+04 1.1606304e-06 
7.5520000e+04 1.1553831e-06 
7.5648000e+04 1.1848770e-06 
7.5776000e+04 1.2159351e-06 
7.5904000e+04 1.1774835e-06 
7.6032000e+04 1.1535135e-06 
7.6160000e+04 1.1525400e-06 
7.6288000e+04 1.1635050e-06 
7.6416000e+04 1.1530361e-06 
7.6544000e+04 1.1537086e-06 
7.6672000e+04 1.1729080e-06 
7.6800000e+04 1.1681592e-06 
7.6928000e+04 1.1554935e-06 
7.7056000e+04 1.1597056e-06 
7.7184000e+04 1.1502190e-06 
7.7312000e+04 1.1478321e-06 
7.7440000e+04 1.1596279e-06 
7.7568000e+04 1.1648497e-06 
7.7696000e+04 1.1601526e-06 
7.7824000e+04 1.1587077e-06 
7.7952000e+04 1.1667978e-06 
7.8080000e+04 1.1701810e-06 
7.8208000e+04 2.0339132e-06 
7.8336000e+04 4.6461760e-06 
7.8464000e+04 3.1705206e-06 
7.8592000e+04 1.1860327e-06 
7.8720000e+04 1.1748206e-06 
7.8848000e+04 1.1938207e-06 
7.8976000e+04 1.2004255e-06 
7.9104000e+04 1.1524957e-06 
7.9232000e+04 1.1528842e-06 
7.9360000e+04 1.1597514e-06 
7.9488000e+04 1.1550837e-06 
7.9616000e+04 1.1453269e-06 
7.9744000e+04 1.1569623e-06 
7.9872000e+04 1.1461470e-06 
8.0000000e+04 1.1512537e-06 
8.0128000e+04 1.1531982e-06 
8.0256000e+04 1.1738047e-06 
8.0384000e+04 1.1744440e-06 
8.0512000e+04 1.1609707e-06 
8.0640000e+04 1.1600304e-06 
8.0768000e+04 1.1520289e-06 
8.0896000e+04 1.1464000e-06 
8.1024000e+04 1.1518416e-06 
8.1152000e+04 1.1572787e-06 
8.1280000e+04 1.1549366e-06 
8.1408000e+04 1.1519023e-06 
8.1536000e+04 1.1548935e-06 
8.1664000e+04 1.1670387e-06 
8.1792000e+04 1.1776787e-06 
8.1920000e+04 1.2835118e-06 
8.2048000e+04 2.2563497e-06 
8.2176000e+04 4.4844833e-06 
8.2304000e+04 5.6139006e-06 
8.2432000e+04 4.6066061e-06 
8.2560000e+04 2.8242766e-06 
8.2688000e+04 4.4362309e-06 
8.2816000e+04 6.1953738e-06 
8.2944000e+04 3.9888196e-06 
8.3072000e+04 1.8543159e-06 
8.3200000e+04 1.5559961e-06 
8.3328000e+04 1.4803451e-06 
8.3456000e+04 1.3294543e-06 
8.3584000e+04 1.1922684e-06 
8.3712000e+04 1.1417310e-06 
8.3840000e+04 1.1577285e-06 
8.3968000e+04 1.1886374e-06 
8.4096000e+04 1.2014698e-06 
8.4224000e+04 1.2240699e-06 
8.4352000e+04 1.2617896e-06 
8.4480000e+04 1.2785272e-06 
8.4608000e+04 1.3012187e-06 
8.4736000e+04 1.2871005e-06 
8.4864000e+04 1.2764849e-06 
8.4992000e+04 1.2801819e-06 
8.5120000e+04 1.2618769e-06 
8.5248000e+04 1.2554798e-06 
8.5376000e+04 1.2286521e-06 
8.5504000e+04 1.2191193e-06 
8.5632000e+04 1.2220905e-06 
8.5760000e+04 1.2373107e-06 
8.5888000e+04 1.2270505e-06 
8.6016000e+04 1.2202241e-06 
8.6144000e+04 1.2026366e-06 
8.6272000e+04 1.1909169e-06 
8.6400000e+04 1.1892145e-06 
8.6528000e+04 1.2077960e-06 
8.6656000e+04 1.2041705e-06 
8.6784000e+04 1.2218624e-06 
8.6912000e+04 1.2448625e-06 
8.7040000e+04 1.2303421e-06 
8.7168000e+04 1.2609656e-06 
8.7296000e+04 1.5476626e-06 
8.7424000e+04 2.2153279e-06 
8.7552000e+04 2.4756196e-06 
8.7680000e+04 2.3152190e-06 
8.7808000e+04 1.8380329e-06 
8.7936000e+04 1.5143419e-06 
8.8064000e+04 1.5872801e-06 
8.8192000e+04 1.4533963e-06 
8.8320000e+04 1.2831821e-06 
8.8448000e+04 1.1970575e-06 
8.8576000e+04 1.1686120e-06 
8.8704000e+04 1.1609643e-06 
8.8832000e+04 1.1596049e-06 
8.8960000e+04 1.1703660e-06 
8.9088000e+04 1.1632457e-06 
8.9216000e+04 1.1625179e-06 
8.9344000e+04 1.1656774e-06 
8.9472000e+04 1.1530007e-06 
8.9600000e+04 1.1627119e-06 
8.9728000e+04 1.1652577e-06 
8.9856000e+04 1.1638257e-06 
8.9984000e+04 1.1691767e-06 
9.0112000e+04 1.1717752e-06 
9.0240000e+04 1.1680617e-06 
9.0368000e+04 1.1555037e-06 
9.0496000e+04 1.1614731e-06 
9.0624000e+04 1.1607386e-06 
9.0752000e+04 1.1628805e-06 
9.0880000e+04 1.1562829e-06 
9.1008000e+04 1.1649980e-06 
9.1136000e+04 1.1643075e-06 
9.1264000e+04 1.1670618e-06 
9.1392000e+04 1.1657286e-06 
9.1520000e+04 1.1680451e-06 
9.1648000e+04 1.1751276e-06 
9.1776000e+04 1.1662996e-06 
9.1904000e+04 1.1660281e-06 
9.2032000e+04 1.1750335e-06 
9.2160000e+04 1.1783512e-06 
9.2288000e+04 1.1741848e-06 
9.2416000e+04 1.1692345e-06 
9.2544000e+04 1.1709033e-06 
9.2672000e+04 1.1707259e-06 
9.2800000e+04 1.1697199e-06 
9.2928000e+04 1.1695143e-06 
9.3056000e+04 1.1691010e-06 
9.3184000e+04 1.1764625e-06 
9.3312000e+04 1.1679219e-06 
9.3440000e+04 1.1796872e-06 
9.3568000e+04 1.1823506e-06 
9.3696000e+04 1.1762713e-06 
9.3824000e+04 1.1731166e-06 
9.3952000e+04 1.1721575e-06 
9.4080000e+04 1.1813099e-06 
9.4208000e+04 1.1863076e-06 
9.4336000e+04 1.2130921e-06 
9.4464000e+04 1.1938404e-06 
9.4592000e+04 1.1817381e-06 
9.4720000e+04 1.1828414e-06 
9.4848000e+04 1.1834013e-06 
9.4976000e+04 1.1865289e-06 
9.5104000e+04 1.2007445e-06 
9.5232000e+04 1.1798685e-06 
9.5360000e+04 1.1795628e-06 
9.5488000e+04 1.1837184e-06 
9.5616000e+04 1.1884051e-06 
9.5744000e+04 1.1812269e-06 
9.5872000e+04 1.1891400e-06 
9.6000000e+04 1.1878847e-06 
9.6128000e+04 1.1981185e-06 
9.6256000e+04 1.2119192e-06 
9.6384000e+04 1.2286602e-06 
9.6512000e+04 1.2370499e-06 
9.6640000e+04 1.2259704e-06 
9.6768000e+04 1.2286466e-06 
9.6896000e+04 1.2127192e-06 
9.7024000e+04 1.2003055e-06 
9.7152000e+04 1.2135450e-06 
9.7280000e+04 1.1957386e-06 
9.7408000e+04 1.1718885e-06 
9.7536000e+04 1.1657837e-06 
9.7664000e+04 1.1765813e-06 
9.7792000e+04 1.7696742e-06 
9.7920000e+04 4.0697937e-06 
9.8048000e+04 2.9623234e-06 
9.8176000e+04 1.1880372e-06 
9.8304000e+04 1.1570855e-06 
9.8432000e+04 1.1535528e-06 
9.8560000e+04 1.1588540e-06 
9.8688000e+04 1.1711822e-06 
9.8816000e+04 1.1731939e-06 
9.8944000e+04 1.1754515e-06 
9.9072000e+04 1.1640059e-06 
9.9200000e+04 1.1522806e-06 
9.9328000e+04 1.1475233e-06 
9.9456000e+04 1.1349331e-06 
9.9584000e+04 1.1465272e-06 
9.9712000e+04 1.1679630e-06 
9.9840000e+04 1.1617842e-06 
9.9968000e+04 1.1617893e-06 
1.0009600e+05 1.1577400e-06 
1.0022400e+05 1.1410831e-06 
1.0035200e+05 1.1452288e-06 
1.0048000e+05 1.1485860e-06 
1.0060800e+05 1.1563679e-06 
1.0073600e+05 1.1541152e-06 
1.0086400e+05 1.1623302e-06 
1.0099200e+05 1.1775817e-06 
1.0112000e+05 1.1539784e-06 
1.0124800e+05 1.1429802e-06 
1.0137600e+05 1.1525716e-06 
1.0150400e+05 1.1460237e-06 
1.0163200e+05 1.1500813e-06 
1.0176000e+05 1.1560937e-06 
1.0188800e+05 1.1487979e-06 
1.0201600e+05 1.1503705e-06 
1.0214400e+05 1.1660615e-06 
1.0227200e+05 1.1701604e-06 
1.0240000e+05 1.1751806e-06 
