0.0000000e+00 2.0402139e-04 
1.2800000e+02 1.0445042e-04 
2.5600000e+02 1.0079245e-05 
3.8400000e+02 4.1416160e-06 
5.1200000e+02 2.5916459e-06 
6.4000000e+02 2.1120313e-06 
7.6800000e+02 1.8604113e-06 
8.9600000e+02 1.5649946e-06 
1.0240000e+03 1.4236017e-06 
1.1520000e+03 1.4922824e-06 
1.2800000e+03 1.6667992e-06 
1.4080000e+03 1.5067410e-06 
1.5360000e+03 1.3893321e-06 
1.6640000e+03 1.3694213e-06 
1.7920000e+03 1.3670417e-06 
1.9200000e+03 1.3306592e-06 
2.0480000e+03 1.3520400e-06 
2.1760000e+03 1.3279299e-06 
2.3040000e+03 1.3166926e-06 
2.4320000e+03 1.3464891e-06 
2.5600000e+03 1.3247305e-06 
2.6880000e+03 1.3130388e-06 
2.8160000e+03 1.3315448e-06 
2.9440000e+03 1.2915370e-06 
3.0720000e+03 1.2926052e-06 
3.2000000e+03 1.2934387e-06 
3.3280000e+03 1.2750800e-06 
3.4560000e+03 1.2582494e-06 
3.5840000e+03 1.2608106e-06 
3.7120000e+03 1.2759118e-06 
3.8400000e+03 1.3008188e-06 
3.9680000e+03 1.3062531e-06 
4.0960000e+03 1.2733871e-06 
4.2240000e+03 1.2897091e-06 
4.3520000e+03 1.3022050e-06 
4.4800000e+03 1.2816910e-06 
4.6080000e+03 1.2870016e-06 
4.7360000e+03 1.2839995e-06 
4.8640000e+03 1.3022521e-06 
4.9920000e+03 1.3095474e-06 
5.1200000e+03 1.2859225e-06 
5.2480000e+03 1.2710516e-06 
5.3760000e+03 1.2798333e-06 
5.5040000e+03 1.2875528e-06 
5.6320000e+03 1.2818655e-06 
5.7600000e+03 1.2703540e-06 
5.8880000e+03 1.2734123e-06 
6.0160000e+03 1.2726575e-06 
6.1440000e+03 1.2613423e-06 
6.2720000e+03 1.2800849e-06 
6.4000000e+03 1.2738556e-06 
6.5280000e+03 1.2649842e-06 
6.6560000e+03 1.2657595e-06 
6.7840000e+03 1.2779433e-06 
6.9120000e+03 1.2766209e-06 
7.0400000e+03 1.2820850e-06 
7.1680000e+03 1.2836189e-06 
7.2960000e+03 1.4504423e-06 
7.4240000e+03 2.3283039e-06 
7.5520000e+03 1.9234335e-06 
7.6800000e+03 1.2909558e-06 
7.8080000e+03 1.2769320e-06 
7.9360000e+03 1.2779223e-06 
8.0640000e+03 1.2689112e-06 
8.1920000e+03 1.2807512e-06 
8.3200000e+03 1.2826609e-06 
8.4480000e+03 1.2788191e-06 
8.5760000e+03 1.2739534e-06 
8.7040000e+03 1.2678973e-06 
8.8320000e+03 1.2862006e-06 
8.9600000e+03 1.2923088e-06 
9.0880000e+03 1.2743606e-06 
9.2160000e+03 1.2669789e-06 
9.3440000e+03 1.2605448e-06 
9.4720000e+03 1.2593606e-06 
9.6000000e+03 1.2543844e-06 
9.7280000e+03 1.2529295e-06 
9.8560000e+03 1.3203785e-06 
9.9840000e+03 1.3762071e-06 
1.0112000e+04 1.2841884e-06 
1.0240000e+04 1.2684376e-06 
1.0368000e+04 1.2643302e-06 
1.0496000e+04 1.2769938e-06 
1.0624000e+04 1.2981279e-06 
1.0752000e+04 1.3096394e-06 
1.0880000e+04 1.2879035e-06 
1.1008000e+04 1.2738556e-06 
1.1136000e+04 1.2692693e-06 
1.1264000e+04 1.2678681e-06 
1.1392000e+04 1.2713224e-06 
1.1520000e+04 1.3065243e-06 
1.1648000e+04 1.3530721e-06 
1.1776000e+04 1.3470983e-06 
1.1904000e+04 1.3182130e-06 
1.2032000e+04 1.2918746e-06 
1.2160000e+04 1.2767582e-06 
1.2288000e+04 1.2663850e-06 
1.2416000e+04 1.2766714e-06 
1.2544000e+04 1.2808018e-06 
1.2672000e+04 1.2811128e-06 
1.2800000e+04 1.2711702e-06 
1.2928000e+04 1.2697850e-06 
1.3056000e+04 1.2581720e-06 
1.3184000e+04 1.2683665e-06 
1.3312000e+04 1.2634782e-06 
1.3440000e+04 1.2605241e-06 
1.3568000e+04 1.2618492e-06 
1.3696000e+04 1.2572951e-06 
1.3824000e+04 1.2459565e-06 
1.3952000e+04 1.2536973e-06 
1.4080000e+04 1.2662432e-06 
1.4208000e+04 1.2763602e-06 
1.4336000e+04 1.2726784e-06 
1.4464000e+04 1.2726966e-06 
1.4592000e+04 1.2763265e-06 
1.4720000e+04 1.2855018e-06 
1.4848000e+04 1.5666330e-06 
1.4976000e+04 1.5962510e-06 
1.5104000e+04 1.2974682e-06 
1.5232000e+04 1.2687328e-06 
1.5360000e+04 1.2697836e-06 
1.5488000e+04 1.2728055e-06 
1.5616000e+04 1.2689655e-06 
1.5744000e+04 1.2613533e-06 
1.5872000e+04 1.2684529e-06 
1.6000000e+04 1.2551311e-06 
1.6128000e+04 1.2589762e-06 
1.6256000e+04 1.2559210e-06 
1.6384000e+04 1.2516342e-06 
1.6512000e+04 1.2516191e-06 
1.6640000e+04 1.2567444e-06 
1.6768000e+04 1.2611678e-06 
1.6896000e+04 1.2583931e-06 
1.7024000e+04 1.2575478e-06 
1.7152000e+04 1.2586860e-06 
1.7280000e+04 1.2693599e-06 
1.7408000e+04 1.2676036e-06 
1.7536000e+04 1.2659582e-06 
1.7664000e+04 1.2620903e-06 
1.7792000e+04 1.2597036e-06 
1.7920000e+04 1.2757297e-06 
1.8048000e+04 1.2824385e-06 
1.8176000e+04 1.3233306e-06 
1.8304000e+04 1.5749700e-06 
1.8432000e+04 1.6180254e-06 
1.8560000e+04 1.3386176e-06 
1.8688000e+04 1.2637015e-06 
1.8816000e+04 1.2806768e-06 
1.8944000e+04 1.2778269e-06 
1.9072000e+04 1.2714145e-06 
1.9200000e+04 1.2738024e-06 
1.9328000e+04 1.2596704e-06 
1.9456000e+04 2.7452293e-06 
1.9584000e+04 5.4092152e-06 
1.9712000e+04 3.1022398e-06 
1.9840000e+04 1.2646982e-06 
1.9968000e+04 1.2713629e-06 
2.0096000e+04 1.2672446e-06 
2.0224000e+04 1.2562230e-06 
2.0352000e+04 1.2659916e-06 
2.0480000e+04 1.2744949e-06 
2.0608000e+04 1.2733997e-06 
2.0736000e+04 1.2731956e-06 
2.0864000e+04 1.2671180e-06 
2.0992000e+04 1.2617730e-06 
2.1120000e+04 1.2573531e-06 
2.1248000e+04 1.2570839e-06 
2.1376000e+04 1.2666409e-06 
2.1504000e+04 1.2632785e-06 
2.1632000e+04 1.2617647e-06 
2.1760000e+04 1.2601131e-06 
2.1888000e+04 1.2580269e-06 
2.2016000e+04 1.2684696e-06 
2.2144000e+04 1.2804279e-06 
2.2272000e+04 1.4224689e-06 
2.2400000e+04 1.5304419e-06 
2.2528000e+04 1.3239003e-06 
2.2656000e+04 1.2632493e-06 
2.2784000e+04 1.2578171e-06 
2.2912000e+04 1.2587427e-06 
2.3040000e+04 1.2487983e-06 
2.3168000e+04 1.2526351e-06 
2.3296000e+04 1.2724101e-06 
2.3424000e+04 1.2644593e-06 
2.3552000e+04 1.2595086e-06 
2.3680000e+04 1.2666437e-06 
2.3808000e+04 1.2611886e-06 
2.3936000e+04 1.2772111e-06 
2.4064000e+04 1.2854665e-06 
2.4192000e+04 1.2746684e-06 
2.4320000e+04 1.2691983e-06 
2.4448000e+04 1.2707389e-06 
2.4576000e+04 1.2735242e-06 
2.4704000e+04 1.2780092e-06 
2.4832000e+04 1.2627556e-06 
2.4960000e+04 1.2866752e-06 
2.5088000e+04 1.2779897e-06 
2.5216000e+04 1.2620030e-06 
2.5344000e+04 1.2682468e-06 
2.5472000e+04 1.2627917e-06 
2.5600000e+04 1.2655386e-06 
2.5728000e+04 1.2772293e-06 
2.5856000e+04 1.2767022e-06 
2.5984000e+04 1.2517016e-06 
2.6112000e+04 1.2480950e-06 
2.6240000e+04 1.2619961e-06 
2.6368000e+04 1.2735185e-06 
2.6496000e+04 1.2805037e-06 
2.6624000e+04 1.2660694e-06 
2.6752000e+04 1.2753460e-06 
2.6880000e+04 1.2797434e-06 
2.7008000e+04 1.2682914e-06 
2.7136000e+04 1.2688638e-06 
2.7264000e+04 1.2760743e-06 
2.7392000e+04 1.2644982e-06 
2.7520000e+04 1.2617218e-06 
2.7648000e+04 1.2453888e-06 
2.7776000e+04 1.2531937e-06 
2.7904000e+04 1.2677790e-06 
2.8032000e+04 1.2711283e-06 
2.8160000e+04 1.2641220e-06 
2.8288000e+04 1.2756639e-06 
2.8416000e+04 1.2745928e-06 
2.8544000e+04 1.2628375e-06 
2.8672000e+04 1.2664462e-06 
2.8800000e+04 1.2783826e-06 
2.8928000e+04 1.2742501e-06 
2.9056000e+04 1.2748784e-06 
2.9184000e+04 1.2631536e-06 
2.9312000e+04 1.2655038e-06 
2.9440000e+04 1.2704432e-06 
2.9568000e+04 1.2925811e-06 
2.9696000e+04 1.3510295e-06 
2.9824000e+04 1.4604218e-06 
2.9952000e+04 1.3677728e-06 
3.0080000e+04 1.2917455e-06 
3.0208000e+04 1.2702703e-06 
3.0336000e+04 1.2788880e-06 
3.0464000e+04 1.2714033e-06 
3.0592000e+04 1.2641692e-06 
3.0720000e+04 1.2636599e-06 
3.0848000e+04 1.2598931e-06 
3.0976000e+04 1.2685699e-06 
3.1104000e+04 1.2799303e-06 
3.1232000e+04 1.2720819e-06 
3.1360000e+04 1.2591436e-06 
3.1488000e+04 1.2615016e-06 
3.1616000e+04 1.2652856e-06 
3.1744000e+04 1.2638500e-06 
3.1872000e+04 1.2732696e-06 
3.2000000e+04 1.2772770e-06 
3.2128000e+04 1.2626156e-06 
3.2256000e+04 1.2498024e-06 
3.2384000e+04 1.2606597e-06 
3.2512000e+04 1.2699161e-06 
3.2640000e+04 1.2781173e-06 
3.2768000e+04 1.2715568e-06 
3.2896000e+04 1.2708003e-06 
3.3024000e+04 1.2587427e-06 
3.3152000e+04 1.2610667e-06 
3.3280000e+04 1.2714256e-06 
3.3408000e+04 1.2711688e-06 
3.3536000e+04 1.2663864e-06 
3.3664000e+04 1.2776992e-06 
3.3792000e+04 1.2776585e-06 
3.3920000e+04 1.2559361e-06 
3.4048000e+04 1.2552262e-06 
3.4176000e+04 1.2652940e-06 
3.4304000e+04 1.2697460e-06 
3.4432000e+04 1.2596704e-06 
3.4560000e+04 1.2666993e-06 
3.4688000e+04 1.2710236e-06 
3.4816000e+04 1.2696011e-06 
3.4944000e+04 1.2744362e-06 
3.5072000e+04 1.2824848e-06 
3.5200000e+04 1.2764863e-06 
3.5328000e+04 1.2845593e-06 
3.5456000e+04 1.2810212e-06 
3.5584000e+04 1.2732809e-06 
3.5712000e+04 1.2706372e-06 
3.5840000e+04 1.2632077e-06 
3.5968000e+04 1.2800315e-06 
3.6096000e+04 1.2691202e-06 
3.6224000e+04 1.2696526e-06 
3.6352000e+04 1.2710153e-06 
3.6480000e+04 1.2780711e-06 
3.6608000e+04 1.3410420e-06 
3.6736000e+04 1.4178971e-06 
3.6864000e+04 1.3891369e-06 
3.6992000e+04 1.3130547e-06 
3.7120000e+04 1.3187949e-06 
3.7248000e+04 1.3922456e-06 
3.7376000e+04 1.3776373e-06 
3.7504000e+04 1.3201857e-06 
3.7632000e+04 1.2919880e-06 
3.7760000e+04 1.2868462e-06 
3.7888000e+04 1.2993785e-06 
3.8016000e+04 1.2799597e-06 
3.8144000e+04 1.2595445e-06 
3.8272000e+04 1.2638264e-06 
3.8400000e+04 1.2596262e-06 
3.8528000e+04 1.2604078e-06 
3.8656000e+04 1.2714549e-06 
3.8784000e+04 1.2695522e-06 
3.8912000e+04 1.2595403e-06 
3.9040000e+04 2.4379183e-06 
3.9168000e+04 4.9869222e-06 
3.9296000e+04 3.0432418e-06 
3.9424000e+04 1.2825187e-06 
3.9552000e+04 1.2662780e-06 
3.9680000e+04 1.2698785e-06 
3.9808000e+04 1.2676900e-06 
3.9936000e+04 1.2659012e-06 
4.0064000e+04 1.2552441e-06 
4.0192000e+04 1.2586432e-06 
4.0320000e+04 1.2671834e-06 
4.0448000e+04 1.2677567e-06 
4.0576000e+04 1.2654260e-06 
4.0704000e+04 1.2591394e-06 
4.0832000e+04 1.2737744e-06 
4.0960000e+04 1.3200973e-06 
4.1088000e+04 1.3960679e-06 
4.1216000e+04 1.3945543e-06 
4.1344000e+04 1.6084340e-06 
4.1472000e+04 1.7540845e-06 
4.1600000e+04 1.5222820e-06 
4.1728000e+04 1.3725312e-06 
4.1856000e+04 1.2888031e-06 
4.1984000e+04 1.2829679e-06 
4.2112000e+04 1.2841180e-06 
4.2240000e+04 1.2902912e-06 
4.2368000e+04 1.3317334e-06 
4.2496000e+04 1.3592874e-06 
4.2624000e+04 1.3140108e-06 
4.2752000e+04 1.2815024e-06 
4.2880000e+04 1.2882768e-06 
4.3008000e+04 1.2764610e-06 
4.3136000e+04 1.2682955e-06 
4.3264000e+04 1.2593454e-06 
4.3392000e+04 1.2645760e-06 
4.3520000e+04 1.2643317e-06 
4.3648000e+04 1.2758012e-06 
4.3776000e+04 1.2869069e-06 
4.3904000e+04 1.2942711e-06 
4.4032000e+04 1.3014088e-06 
4.4160000e+04 1.2897374e-06 
4.4288000e+04 1.2808075e-06 
4.4416000e+04 1.2885300e-06 
4.4544000e+04 1.3042124e-06 
4.4672000e+04 1.3586964e-06 
4.4800000e+04 1.3656061e-06 
4.4928000e+04 1.3094439e-06 
4.5056000e+04 1.2737451e-06 
4.5184000e+04 1.2768311e-06 
4.5312000e+04 1.2917357e-06 
4.5440000e+04 1.2824568e-06 
4.5568000e+04 1.2708074e-06 
4.5696000e+04 1.2625533e-06 
4.5824000e+04 1.2516026e-06 
4.5952000e+04 1.2610127e-06 
4.6080000e+04 1.2723781e-06 
4.6208000e+04 1.2611179e-06 
4.6336000e+04 1.2779630e-06 
4.6464000e+04 1.2655996e-06 
4.6592000e+04 1.2638681e-06 
4.6720000e+04 1.2695801e-06 
4.6848000e+04 1.2790705e-06 
4.6976000e+04 1.2787532e-06 
4.7104000e+04 1.2577466e-06 
4.7232000e+04 1.2445987e-06 
4.7360000e+04 1.2474540e-06 
4.7488000e+04 1.2590619e-06 
4.7616000e+04 1.2661932e-06 
4.7744000e+04 1.2769938e-06 
4.7872000e+04 1.2789188e-06 
4.8000000e+04 1.2854227e-06 
4.8128000e+04 1.2818205e-06 
4.8256000e+04 1.2866908e-06 
4.8384000e+04 1.2779981e-06 
4.8512000e+04 1.2710041e-06 
4.8640000e+04 1.2594145e-06 
4.8768000e+04 1.2664434e-06 
4.8896000e+04 1.2680741e-06 
4.9024000e+04 1.2549547e-06 
4.9152000e+04 1.2502292e-06 
4.9280000e+04 1.2554440e-06 
4.9408000e+04 1.2540993e-06 
4.9536000e+04 1.2648801e-06 
4.9664000e+04 1.2818430e-06 
4.9792000e+04 1.2779981e-06 
4.9920000e+04 1.2725094e-06 
5.0048000e+04 1.2692595e-06 
5.0176000e+04 1.2716644e-06 
5.0304000e+04 1.2595376e-06 
5.0432000e+04 1.2511176e-06 
5.0560000e+04 1.2694728e-06 
5.0688000e+04 1.2700917e-06 
5.0816000e+04 1.2631328e-06 
5.0944000e+04 1.2557003e-06 
5.1072000e+04 1.2740388e-06 
5.1200000e+04 1.2682941e-06 
5.1328000e+04 1.2616400e-06 
5.1456000e+04 1.2633034e-06 
5.1584000e+04 1.2711799e-06 
5.1712000e+04 1.2821611e-06 
5.1840000e+04 1.2778507e-06 
5.1968000e+04 1.2896878e-06 
5.2096000e+04 1.3141522e-06 
5.2224000e+04 1.3492328e-06 
5.2352000e+04 1.3227204e-06 
5.2480000e+04 1.2927160e-06 
5.2608000e+04 1.2896751e-06 
5.2736000e+04 1.2915739e-06 
5.2864000e+04 1.2884806e-06 
5.2992000e+04 1.2778662e-06 
5.3120000e+04 1.2818571e-06 
5.3248000e+04 1.2758137e-06 
5.3376000e+04 1.2847004e-06 
5.3504000e+04 1.2861950e-06 
5.3632000e+04 1.2813505e-06 
5.3760000e+04 1.2743550e-06 
5.3888000e+04 1.2759987e-06 
5.4016000e+04 1.2580311e-06 
5.4144000e+04 1.2655761e-06 
5.4272000e+04 1.2684055e-06 
5.4400000e+04 1.2667438e-06 
5.4528000e+04 1.2606970e-06 
5.4656000e+04 1.2780107e-06 
5.4784000e+04 1.2869309e-06 
5.4912000e+04 1.2940039e-06 
5.5040000e+04 1.3178106e-06 
5.5168000e+04 1.3098667e-06 
5.5296000e+04 1.2934131e-06 
5.5424000e+04 1.2857178e-06 
5.5552000e+04 1.2815165e-06 
5.5680000e+04 1.2530436e-06 
5.5808000e+04 1.2715401e-06 
5.5936000e+04 1.2772714e-06 
5.6064000e+04 1.2642095e-06 
5.6192000e+04 1.2819837e-06 
5.6320000e+04 1.2888145e-06 
5.6448000e+04 1.2751051e-06 
5.6576000e+04 1.2621609e-06 
5.6704000e+04 1.2569391e-06 
5.6832000e+04 1.2733018e-06 
5.6960000e+04 1.2837556e-06 
5.7088000e+04 1.2845368e-06 
5.7216000e+04 1.2727986e-06 
5.7344000e+04 1.2710850e-06 
5.7472000e+04 1.2653481e-06 
5.7600000e+04 1.2598654e-06 
5.7728000e+04 1.2650703e-06 
5.7856000e+04 1.2710599e-06 
5.7984000e+04 1.2757283e-06 
5.8112000e+04 1.2641053e-06 
5.8240000e+04 1.2571516e-06 
5.8368000e+04 1.2652552e-06 
5.8496000e+04 1.2730949e-06 
5.8624000e+04 2.2549605e-06 
5.8752000e+04 4.8204688e-06 
5.8880000e+04 3.1279531e-06 
5.9008000e+04 1.2695787e-06 
5.9136000e+04 1.2648982e-06 
5.9264000e+04 1.2752564e-06 
5.9392000e+04 1.2918604e-06 
5.9520000e+04 1.2998908e-06 
5.9648000e+04 1.2939798e-06 
5.9776000e+04 1.3007331e-06 
5.9904000e+04 1.2975864e-06 
6.0032000e+04 1.2784977e-06 
6.0160000e+04 1.2699147e-06 
6.0288000e+04 1.2752662e-06 
6.0416000e+04 1.2578917e-06 
6.0544000e+04 1.2535610e-06 
6.0672000e+04 1.2560961e-06 
6.0800000e+04 1.2468213e-06 
6.0928000e+04 1.2464627e-06 
6.1056000e+04 1.2642984e-06 
6.1184000e+04 1.2817936e-06 
6.1312000e+04 1.2717328e-06 
6.1440000e+04 1.2590094e-06 
6.1568000e+04 1.2657650e-06 
6.1696000e+04 1.2721908e-06 
6.1824000e+04 1.2708604e-06 
6.1952000e+04 1.2762397e-06 
6.2080000e+04 1.2789245e-06 
6.2208000e+04 1.2918334e-06 
6.2336000e+04 1.2951198e-06 
6.2464000e+04 1.2991630e-06 
6.2592000e+04 1.3067294e-06 
6.2720000e+04 1.3004346e-06 
6.2848000e+04 1.2822511e-06 
6.2976000e+04 1.2781370e-06 
6.3104000e+04 1.2646732e-06 
6.3232000e+04 1.2765283e-06 
6.3360000e+04 1.3434220e-06 
6.3488000e+04 1.3379740e-06 
6.3616000e+04 1.2928878e-06 
6.3744000e+04 1.2874369e-06 
6.3872000e+04 1.2769938e-06 
6.4000000e+04 1.2706664e-06 
6.4128000e+04 1.2705660e-06 
6.4256000e+04 1.2649481e-06 
6.4384000e+04 1.2690157e-06 
6.4512000e+04 1.2873550e-06 
6.4640000e+04 1.2851574e-06 
6.4768000e+04 1.2764863e-06 
6.4896000e+04 1.2718068e-06 
6.5024000e+04 1.2696233e-06 
6.5152000e+04 1.2841376e-06 
6.5280000e+04 1.2796928e-06 
6.5408000e+04 1.2960614e-06 
6.5536000e+04 1.2980994e-06 
6.5664000e+04 1.2751906e-06 
6.5792000e+04 1.2861597e-06 
6.5920000e+04 1.2751696e-06 
6.6048000e+04 1.2770892e-06 
6.6176000e+04 1.2833342e-06 
6.6304000e+04 1.2728839e-06 
6.6432000e+04 1.2685853e-06 
6.6560000e+04 1.2829101e-06 
6.6688000e+04 1.2785608e-06 
6.6816000e+04 1.2755028e-06 
6.6944000e+04 1.2899102e-06 
6.7072000e+04 1.2919087e-06 
6.7200000e+04 1.3050346e-06 
6.7328000e+04 1.3043399e-06 
6.7456000e+04 1.2891202e-06 
6.7584000e+04 1.2807541e-06 
6.7712000e+04 1.2696066e-06 
6.7840000e+04 1.2534674e-06 
6.7968000e+04 1.2636071e-06 
6.8096000e+04 1.3182564e-06 
6.8224000e+04 1.3764156e-06 
6.8352000e+04 1.2753753e-06 
6.8480000e+04 1.2656177e-06 
6.8608000e+04 1.2604188e-06 
6.8736000e+04 1.2605669e-06 
6.8864000e+04 1.2610722e-06 
6.8992000e+04 1.2522652e-06 
6.9120000e+04 1.2615001e-06 
6.9248000e+04 1.2752004e-06 
6.9376000e+04 1.2778788e-06 
6.9504000e+04 1.2630302e-06 
6.9632000e+04 1.2639333e-06 
6.9760000e+04 1.2572496e-06 
6.9888000e+04 1.2577852e-06 
7.0016000e+04 1.2538776e-06 
7.0144000e+04 1.2588768e-06 
7.0272000e+04 1.2616192e-06 
7.0400000e+04 1.2553213e-06 
7.0528000e+04 1.2575464e-06 
7.0656000e+04 1.2680950e-06 
7.0784000e+04 1.2651620e-06 
7.0912000e+04 1.2629913e-06 
7.1040000e+04 1.2490766e-06 
7.1168000e+04 1.2617952e-06 
7.1296000e+04 1.2550677e-06 
7.1424000e+04 1.2578461e-06 
7.1552000e+04 1.2623232e-06 
7.1680000e+04 1.2667605e-06 
7.1808000e+04 1.2615473e-06 
7.1936000e+04 1.2611179e-06 
7.2064000e+04 1.2719241e-06 
7.2192000e+04 1.2737619e-06 
7.2320000e+04 1.2588063e-06 
7.2448000e+04 1.2674617e-06 
7.2576000e+04 1.2660945e-06 
7.2704000e+04 1.2504214e-06 
7.2832000e+04 1.2561458e-06 
7.2960000e+04 1.2635988e-06 
7.3088000e+04 1.2605046e-06 
7.3216000e+04 1.2523766e-06 
7.3344000e+04 1.2553033e-06 
7.3472000e+04 1.2825764e-06 
7.3600000e+04 1.2783839e-06 
7.3728000e+04 1.2877762e-06 
7.3856000e+04 1.2716770e-06 
7.3984000e+04 1.2627460e-06 
7.4112000e+04 1.2557734e-06 
7.4240000e+04 1.2675451e-06 
7.4368000e+04 1.2854115e-06 
7.4496000e+04 1.2834062e-06 
7.4624000e+04 1.2860849e-06 
7.4752000e+04 1.2738345e-06 
7.4880000e+04 1.2485336e-06 
7.5008000e+04 1.2523229e-06 
7.5136000e+04 1.2632452e-06 
7.5264000e+04 1.2622012e-06 
7.5392000e+04 1.2585975e-06 
7.5520000e+04 1.2730236e-06 
7.5648000e+04 1.2930383e-06 
7.5776000e+04 1.3181927e-06 
7.5904000e+04 1.2664365e-06 
7.6032000e+04 1.2701811e-06 
7.6160000e+04 1.2678764e-06 
7.6288000e+04 1.2628957e-06 
7.6416000e+04 1.2553351e-06 
7.6544000e+04 1.2559306e-06 
7.6672000e+04 1.2438746e-06 
7.6800000e+04 1.2509968e-06 
7.6928000e+04 1.2527094e-06 
7.7056000e+04 1.2426693e-06 
7.7184000e+04 1.2437778e-06 
7.7312000e+04 1.2436863e-06 
7.7440000e+04 1.2641012e-06 
7.7568000e+04 1.2647259e-06 
7.7696000e+04 1.2636210e-06 
7.7824000e+04 1.2624243e-06 
7.7952000e+04 1.2605254e-06 
7.8080000e+04 1.2673170e-06 
7.8208000e+04 2.0848286e-06 
7.8336000e+04 4.6498553e-06 
7.8464000e+04 3.1967613e-06 
7.8592000e+04 1.2744626e-06 
7.8720000e+04 1.2636114e-06 
7.8848000e+04 1.2989848e-06 
7.8976000e+04 1.3083962e-06 
7.9104000e+04 1.2547617e-06 
7.9232000e+04 1.2545428e-06 
7.9360000e+04 1.2667105e-06 
7.9488000e+04 1.2708897e-06 
7.9616000e+04 1.2592998e-06 
7.9744000e+04 1.2643136e-06 
7.9872000e+04 1.2621430e-06 
8.0000000e+04 1.2550897e-06 
8.0128000e+04 1.2676356e-06 
8.0256000e+04 1.2745522e-06 
8.0384000e+04 1.2574704e-06 
8.0512000e+04 1.2564451e-06 
8.0640000e+04 1.2576362e-06 
8.0768000e+04 1.2577259e-06 
8.0896000e+04 1.2657581e-06 
8.1024000e+04 1.2561705e-06 
8.1152000e+04 1.2475854e-06 
8.1280000e+04 1.2640123e-06 
8.1408000e+04 1.2709399e-06 
8.1536000e+04 1.2714578e-06 
8.1664000e+04 1.2727762e-06 
8.1792000e+04 1.2986839e-06 
8.1920000e+04 1.3986991e-06 
8.2048000e+04 2.3109676e-06 
8.2176000e+04 4.5076699e-06 
8.2304000e+04 5.6436270e-06 
8.2432000e+04 4.6837090e-06 
8.2560000e+04 2.9050739e-06 
8.2688000e+04 4.4912490e-06 
8.2816000e+04 6.2454633e-06 
8.2944000e+04 4.0650375e-06 
8.3072000e+04 1.9303791e-06 
8.3200000e+04 1.6367652e-06 
8.3328000e+04 1.5653899e-06 
8.3456000e+04 1.4311508e-06 
8.3584000e+04 1.3160928e-06 
8.3712000e+04 1.2683137e-06 
8.3840000e+04 1.2728335e-06 
8.3968000e+04 1.2923471e-06 
8.4096000e+04 1.3015274e-06 
8.4224000e+04 1.3281064e-06 
8.4352000e+04 1.3677218e-06 
8.4480000e+04 1.3797853e-06 
8.4608000e+04 1.4005724e-06 
8.4736000e+04 1.4058677e-06 
8.4864000e+04 1.3935991e-06 
8.4992000e+04 1.3729095e-06 
8.5120000e+04 1.3640910e-06 
8.5248000e+04 1.3449998e-06 
8.5376000e+04 1.3290487e-06 
8.5504000e+04 1.3054876e-06 
8.5632000e+04 1.3162836e-06 
8.5760000e+04 1.3309850e-06 
8.5888000e+04 1.3371986e-06 
8.6016000e+04 1.3290238e-06 
8.6144000e+04 1.3063780e-06 
8.6272000e+04 1.2948127e-06 
8.6400000e+04 1.2896525e-06 
8.6528000e+04 1.2936105e-06 
8.6656000e+04 1.3218624e-06 
8.6784000e+04 1.3354453e-06 
8.6912000e+04 1.3508278e-06 
8.7040000e+04 1.3345086e-06 
8.7168000e+04 1.3579031e-06 
8.7296000e+04 1.6292723e-06 
8.7424000e+04 2.2557726e-06 
8.7552000e+04 2.5380268e-06 
8.7680000e+04 2.3873356e-06 
8.7808000e+04 1.9189974e-06 
8.7936000e+04 1.6059706e-06 
8.8064000e+04 1.6515354e-06 
8.8192000e+04 1.5360797e-06 
8.8320000e+04 1.3683347e-06 
8.8448000e+04 1.2839614e-06 
8.8576000e+04 1.2537317e-06 
8.8704000e+04 1.2599968e-06 
8.8832000e+04 1.2708576e-06 
8.8960000e+04 1.2675215e-06 
8.9088000e+04 1.2673003e-06 
8.9216000e+04 1.2728852e-06 
8.9344000e+04 1.2736947e-06 
8.9472000e+04 1.2745116e-06 
8.9600000e+04 1.2710879e-06 
8.9728000e+04 1.2813013e-06 
8.9856000e+04 1.2681131e-06 
8.9984000e+04 1.2722788e-06 
9.0112000e+04 1.2697558e-06 
9.0240000e+04 1.2622677e-06 
9.0368000e+04 1.2581859e-06 
9.0496000e+04 1.2559527e-06 
9.0624000e+04 1.2759945e-06 
9.0752000e+04 1.2891639e-06 
9.0880000e+04 1.2851857e-06 
9.1008000e+04 1.2584291e-06 
9.1136000e+04 1.2729063e-06 
9.1264000e+04 1.2700430e-06 
9.1392000e+04 1.2679571e-06 
9.1520000e+04 1.2619545e-06 
9.1648000e+04 1.2573641e-06 
9.1776000e+04 1.2678403e-06 
9.1904000e+04 1.2703819e-06 
9.2032000e+04 1.2755575e-06 
9.2160000e+04 1.2752731e-06 
9.2288000e+04 1.2797167e-06 
9.2416000e+04 1.2762368e-06 
9.2544000e+04 1.2873563e-06 
9.2672000e+04 1.2790636e-06 
9.2800000e+04 1.2814432e-06 
9.2928000e+04 1.2687301e-06 
9.3056000e+04 1.2733466e-06 
9.3184000e+04 1.2647870e-06 
9.3312000e+04 1.2631259e-06 
9.3440000e+04 1.2743340e-06 
9.3568000e+04 1.2656942e-06 
9.3696000e+04 1.2773976e-06 
9.3824000e+04 1.2902005e-06 
9.3952000e+04 1.2840968e-06 
9.4080000e+04 1.2811267e-06 
9.4208000e+04 1.2902501e-06 
9.4336000e+04 1.2926691e-06 
9.4464000e+04 1.2805896e-06 
9.4592000e+04 1.2932626e-06 
9.4720000e+04 1.2846242e-06 
9.4848000e+04 1.2870327e-06 
9.4976000e+04 1.3034179e-06 
9.5104000e+04 1.3060625e-06 
9.5232000e+04 1.2846439e-06 
9.5360000e+04 1.2703149e-06 
9.5488000e+04 1.2756807e-06 
9.5616000e+04 1.2789792e-06 
9.5744000e+04 1.2789975e-06 
9.5872000e+04 1.2801031e-06 
9.6000000e+04 1.2919171e-06 
9.6128000e+04 1.3096394e-06 
9.6256000e+04 1.3388513e-06 
9.6384000e+04 1.3141060e-06 
9.6512000e+04 1.3178150e-06 
9.6640000e+04 1.3312364e-06 
9.6768000e+04 1.3289422e-06 
9.6896000e+04 1.3146270e-06 
9.7024000e+04 1.2940083e-06 
9.7152000e+04 1.2868419e-06 
9.7280000e+04 1.2821033e-06 
9.7408000e+04 1.2802817e-06 
9.7536000e+04 1.2735688e-06 
9.7664000e+04 1.2628666e-06 
9.7792000e+04 1.8156903e-06 
9.7920000e+04 4.0731106e-06 
9.8048000e+04 2.9853657e-06 
9.8176000e+04 1.2901453e-06 
9.8304000e+04 1.2902813e-06 
9.8432000e+04 1.2749736e-06 
9.8560000e+04 1.2627709e-06 
9.8688000e+04 1.2653093e-06 
9.8816000e+04 1.2656706e-06 
9.8944000e+04 1.2648815e-06 
9.9072000e+04 1.2685726e-06 
9.9200000e+04 1.2687105e-06 
9.9328000e+04 1.2441001e-06 
9.9456000e+04 1.2501249e-06 
9.9584000e+04 1.2570508e-06 
9.9712000e+04 1.2610708e-06 
9.9840000e+04 1.2639374e-06 
9.9968000e+04 1.2684251e-06 
1.0009600e+05 1.2645427e-06 
1.0022400e+05 1.2600217e-06 
1.0035200e+05 1.2586432e-06 
1.0048000e+05 1.2612218e-06 
1.0060800e+05 1.2640318e-06 
1.0073600e+05 1.2713698e-06 
1.0086400e+05 1.2632452e-06 
1.0099200e+05 1.2525567e-06 
1.0112000e+05 1.2511259e-06 
1.0124800e+05 1.2662028e-06 
1.0137600e+05 1.2498271e-06 
1.0150400e+05 1.2538886e-06 
1.0163200e+05 1.2621208e-06 
1.0176000e+05 1.2647870e-06 
1.0188800e+05 1.2597465e-06 
1.0201600e+05 1.2691606e-06 
1.0214400e+05 1.2718277e-06 
1.0227200e+05 1.2649550e-06 
1.0240000e+05 1.2547232e-06 
