0.0000000e+00 1.0479008e+03 
1.2800000e+02 5.9791827e+02 
2.5600000e+02 2.0171194e+02 
3.8400000e+02 3.0407333e+02 
5.1200000e+02 2.8138086e+02 
6.4000000e+02 2.3532205e+02 
7.6800000e+02 1.3428528e+02 
8.9600000e+02 7.0057373e+01 
1.0240000e+03 1.2670074e+02 
1.1520000e+03 9.0074234e+01 
1.2800000e+03 2.4316494e+01 
1.4080000e+03 2.2191256e+01 
1.5360000e+03 2.4718666e+01 
1.6640000e+03 2.8857183e+01 
1.7920000e+03 2.6872927e+01 
1.9200000e+03 1.8837793e+01 
2.0480000e+03 1.3559544e+01 
2.1760000e+03 1.3437697e+01 
2.3040000e+03 1.1585328e+01 
2.4320000e+03 7.3472953e+00 
2.5600000e+03 5.3325739e+00 
2.6880000e+03 5.6944666e+00 
2.8160000e+03 6.3914685e+00 
2.9440000e+03 6.6153555e+00 
3.0720000e+03 6.8582573e+00 
3.2000000e+03 6.5623322e+00 
3.3280000e+03 6.4165773e+00 
3.4560000e+03 1.2227639e+01 
3.5840000e+03 5.9223454e+01 
3.7120000e+03 5.5455318e+01 
3.8400000e+03 4.7400707e+01 
3.9680000e+03 7.6007910e+00 
4.0960000e+03 3.9642692e+00 
4.2240000e+03 3.1701665e+00 
4.3520000e+03 2.9055767e+00 
4.4800000e+03 2.5833569e+00 
4.6080000e+03 2.4134529e+00 
4.7360000e+03 2.4096515e+00 
4.8640000e+03 2.4991846e+00 
4.9920000e+03 2.5676935e+00 
5.1200000e+03 2.9598897e+00 
5.2480000e+03 3.4469118e+00 
5.3760000e+03 3.6356997e+00 
5.5040000e+03 3.4660141e+00 
5.6320000e+03 3.3546486e+00 
5.7600000e+03 3.7996821e+00 
5.8880000e+03 3.4012024e+00 
6.0160000e+03 3.2461383e+00 
6.1440000e+03 4.0207233e+00 
6.2720000e+03 5.0996628e+00 
6.4000000e+03 5.2665710e+00 
6.5280000e+03 4.2789521e+00 
6.6560000e+03 3.3990571e+00 
6.7840000e+03 2.8484190e+00 
6.9120000e+03 2.7254825e+00 
7.0400000e+03 2.6779191e+00 
7.1680000e+03 2.6005566e+00 
7.2960000e+03 2.6779637e+00 
7.4240000e+03 3.0129583e+00 
7.5520000e+03 2.9589279e+00 
7.6800000e+03 2.8118668e+00 
7.8080000e+03 2.4599783e+00 
7.9360000e+03 2.1455610e+00 
8.0640000e+03 2.0640018e+00 
8.1920000e+03 2.1278675e+00 
8.3200000e+03 2.1409547e+00 
8.4480000e+03 2.1221735e+00 
8.5760000e+03 2.1519659e+00 
8.7040000e+03 2.2629011e+00 
8.8320000e+03 2.2924972e+00 
8.9600000e+03 2.3231218e+00 
9.0880000e+03 2.2958901e+00 
9.2160000e+03 2.2050791e+00 
9.3440000e+03 2.2866025e+00 
9.4720000e+03 2.1938357e+00 
9.6000000e+03 2.0582316e+00 
9.7280000e+03 1.9195833e+00 
9.8560000e+03 1.8589400e+00 
9.9840000e+03 1.8800346e+00 
1.0112000e+04 1.8704759e+00 
1.0240000e+04 1.8499150e+00 
1.0368000e+04 1.7711279e+00 
1.0496000e+04 1.7430974e+00 
1.0624000e+04 1.7333996e+00 
1.0752000e+04 1.7148018e+00 
1.0880000e+04 1.7134465e+00 
1.1008000e+04 1.7261984e+00 
1.1136000e+04 1.7359961e+00 
1.1264000e+04 1.7799054e+00 
1.1392000e+04 1.8618035e+00 
1.1520000e+04 2.0030758e+00 
1.1648000e+04 2.0364475e+00 
1.1776000e+04 2.0007548e+00 
1.1904000e+04 1.9296138e+00 
1.2032000e+04 1.9110366e+00 
1.2160000e+04 1.9360749e+00 
1.2288000e+04 1.8757628e+00 
1.2416000e+04 1.8300922e+00 
1.2544000e+04 1.7956136e+00 
1.2672000e+04 1.8290471e+00 
1.2800000e+04 1.9256284e+00 
1.2928000e+04 1.9610500e+00 
1.3056000e+04 1.8725466e+00 
1.3184000e+04 1.8672193e+00 
1.3312000e+04 1.8451586e+00 
1.3440000e+04 1.7973748e+00 
1.3568000e+04 1.7437749e+00 
1.3696000e+04 1.7700434e+00 
1.3824000e+04 1.7903647e+00 
1.3952000e+04 1.8474685e+00 
1.4080000e+04 1.8761007e+00 
1.4208000e+04 1.8995597e+00 
1.4336000e+04 1.9805230e+00 
1.4464000e+04 2.1213493e+00 
1.4592000e+04 2.2969153e+00 
1.4720000e+04 2.5544157e+00 
1.4848000e+04 3.1156502e+00 
1.4976000e+04 4.6815629e+00 
1.5104000e+04 4.2785492e+01 
1.5232000e+04 8.3485092e+01 
1.5360000e+04 4.9140614e+01 
1.5488000e+04 5.0008402e+00 
1.5616000e+04 3.1838696e+00 
1.5744000e+04 2.6545770e+00 
1.5872000e+04 2.4463243e+00 
1.6000000e+04 2.2834253e+00 
1.6128000e+04 2.1794453e+00 
1.6256000e+04 2.1391606e+00 
1.6384000e+04 2.1115050e+00 
1.6512000e+04 2.1165698e+00 
1.6640000e+04 2.1463075e+00 
1.6768000e+04 2.1312222e+00 
1.6896000e+04 2.1531079e+00 
1.7024000e+04 2.1907728e+00 
1.7152000e+04 2.1993406e+00 
1.7280000e+04 2.2544487e+00 
1.7408000e+04 2.3096256e+00 
1.7536000e+04 2.3068309e+00 
1.7664000e+04 2.2966273e+00 
1.7792000e+04 2.3409889e+00 
1.7920000e+04 2.3477221e+00 
1.8048000e+04 2.3174374e+00 
1.8176000e+04 2.2976215e+00 
1.8304000e+04 2.2895217e+00 
1.8432000e+04 2.2872021e+00 
1.8560000e+04 2.2682130e+00 
1.8688000e+04 2.2601812e+00 
1.8816000e+04 2.2720721e+00 
1.8944000e+04 2.2560565e+00 
1.9072000e+04 2.2721615e+00 
1.9200000e+04 2.3337750e+00 
1.9328000e+04 2.2526193e+00 
1.9456000e+04 2.2873144e+00 
1.9584000e+04 2.4235353e+00 
1.9712000e+04 2.2232008e+00 
1.9840000e+04 2.0928910e+00 
1.9968000e+04 2.0832996e+00 
2.0096000e+04 2.0239229e+00 
2.0224000e+04 1.9487396e+00 
2.0352000e+04 1.8982903e+00 
2.0480000e+04 1.8347982e+00 
2.0608000e+04 1.7946035e+00 
2.0736000e+04 1.8271621e+00 
2.0864000e+04 1.8229389e+00 
2.0992000e+04 1.7131156e+00 
2.1120000e+04 1.6707351e+00 
2.1248000e+04 1.6242962e+00 
2.1376000e+04 1.5835679e+00 
2.1504000e+04 1.5408126e+00 
2.1632000e+04 1.4919280e+00 
2.1760000e+04 1.4663723e+00 
2.1888000e+04 1.4259022e+00 
2.2016000e+04 1.3866932e+00 
2.2144000e+04 1.3687061e+00 
2.2272000e+04 1.3549833e+00 
2.2400000e+04 1.3481735e+00 
2.2528000e+04 1.3421024e+00 
2.2656000e+04 1.3184204e+00 
2.2784000e+04 1.3043950e+00 
2.2912000e+04 1.3114703e+00 
2.3040000e+04 1.3183963e+00 
2.3168000e+04 1.2858806e+00 
2.3296000e+04 1.2669359e+00 
2.3424000e+04 1.2638394e+00 
2.3552000e+04 1.2490904e+00 
2.3680000e+04 1.2371501e+00 
2.3808000e+04 1.2475152e+00 
2.3936000e+04 1.2608091e+00 
2.4064000e+04 1.2416226e+00 
2.4192000e+04 1.2145759e+00 
2.4320000e+04 1.2106230e+00 
2.4448000e+04 1.1959177e+00 
2.4576000e+04 1.1910946e+00 
2.4704000e+04 1.2084779e+00 
2.4832000e+04 1.2102575e+00 
2.4960000e+04 1.2040062e+00 
2.5088000e+04 1.2134591e+00 
2.5216000e+04 1.1709635e+00 
2.5344000e+04 1.1448028e+00 
2.5472000e+04 1.1405814e+00 
2.5600000e+04 1.1435860e+00 
2.5728000e+04 1.1419166e+00 
2.5856000e+04 1.1292782e+00 
2.5984000e+04 1.1273926e+00 
2.6112000e+04 1.1198149e+00 
2.6240000e+04 1.1144563e+00 
2.6368000e+04 1.1276435e+00 
2.6496000e+04 1.1335101e+00 
2.6624000e+04 1.1396830e+00 
2.6752000e+04 1.1621369e+00 
2.6880000e+04 1.2010447e+00 
2.7008000e+04 1.1913030e+00 
2.7136000e+04 1.1539011e+00 
2.7264000e+04 1.1376207e+00 
2.7392000e+04 1.1213920e+00 
2.7520000e+04 1.1222675e+00 
2.7648000e+04 1.3115220e+00 
2.7776000e+04 2.8729067e+00 
2.7904000e+04 2.9791729e+00 
2.8032000e+04 1.4804723e+00 
2.8160000e+04 1.1325066e+00 
2.8288000e+04 1.1036916e+00 
2.8416000e+04 1.0855989e+00 
2.8544000e+04 1.0845016e+00 
2.8672000e+04 1.0794889e+00 
2.8800000e+04 1.0829566e+00 
2.8928000e+04 1.0829060e+00 
2.9056000e+04 1.0912300e+00 
2.9184000e+04 1.0815269e+00 
2.9312000e+04 1.0751662e+00 
2.9440000e+04 1.0822039e+00 
2.9568000e+04 1.0944127e+00 
2.9696000e+04 1.1000696e+00 
2.9824000e+04 1.0903568e+00 
2.9952000e+04 1.0956031e+00 
3.0080000e+04 1.1049094e+00 
3.0208000e+04 1.0933306e+00 
3.0336000e+04 1.0790970e+00 
3.0464000e+04 1.0821366e+00 
3.0592000e+04 1.0831410e+00 
3.0720000e+04 1.0967540e+00 
3.0848000e+04 1.1038688e+00 
3.0976000e+04 1.1005477e+00 
3.1104000e+04 1.0949911e+00 
3.1232000e+04 1.0978932e+00 
3.1360000e+04 1.0873160e+00 
3.1488000e+04 1.0945040e+00 
3.1616000e+04 1.1026036e+00 
3.1744000e+04 1.0881751e+00 
3.1872000e+04 1.0842834e+00 
3.2000000e+04 1.0794339e+00 
3.2128000e+04 1.0595967e+00 
3.2256000e+04 1.0456353e+00 
3.2384000e+04 1.0526272e+00 
3.2512000e+04 1.0487411e+00 
3.2640000e+04 1.0528427e+00 
3.2768000e+04 1.0559113e+00 
3.2896000e+04 1.0451336e+00 
3.3024000e+04 1.0536703e+00 
3.3152000e+04 1.0568252e+00 
3.3280000e+04 1.0600311e+00 
3.3408000e+04 1.0428305e+00 
3.3536000e+04 1.0358125e+00 
3.3664000e+04 1.0526266e+00 
3.3792000e+04 1.0662042e+00 
3.3920000e+04 1.0727383e+00 
3.4048000e+04 1.0827610e+00 
3.4176000e+04 1.0700471e+00 
3.4304000e+04 1.0457884e+00 
3.4432000e+04 1.0461444e+00 
3.4560000e+04 1.0404907e+00 
3.4688000e+04 1.0337591e+00 
3.4816000e+04 1.0345135e+00 
3.4944000e+04 1.0295730e+00 
3.5072000e+04 1.0173975e+00 
3.5200000e+04 1.0105793e+00 
3.5328000e+04 1.0087440e+00 
3.5456000e+04 1.0073441e+00 
3.5584000e+04 1.0028789e+00 
3.5712000e+04 9.8149931e-01 
3.5840000e+04 9.7716439e-01 
3.5968000e+04 9.8318249e-01 
3.6096000e+04 9.9489540e-01 
3.6224000e+04 1.0042911e+00 
3.6352000e+04 1.0084678e+00 
3.6480000e+04 9.9036014e-01 
3.6608000e+04 9.7621608e-01 
3.6736000e+04 9.7912389e-01 
3.6864000e+04 9.9197537e-01 
3.6992000e+04 9.9078751e-01 
3.7120000e+04 9.9141049e-01 
3.7248000e+04 1.0011487e+00 
3.7376000e+04 1.0019964e+00 
3.7504000e+04 1.0016001e+00 
3.7632000e+04 1.0026772e+00 
3.7760000e+04 1.0146233e+00 
3.7888000e+04 1.0208693e+00 
3.8016000e+04 1.0075898e+00 
3.8144000e+04 1.0271360e+00 
3.8272000e+04 1.0507910e+00 
3.8400000e+04 1.0305551e+00 
3.8528000e+04 1.0286686e+00 
3.8656000e+04 1.0585971e+00 
3.8784000e+04 1.0568402e+00 
3.8912000e+04 1.0483909e+00 
3.9040000e+04 1.0763562e+00 
3.9168000e+04 1.0724415e+00 
3.9296000e+04 1.0788097e+00 
3.9424000e+04 1.0793148e+00 
3.9552000e+04 1.1129017e+00 
3.9680000e+04 1.1367944e+00 
3.9808000e+04 1.1993082e+00 
3.9936000e+04 1.3386312e+00 
4.0064000e+04 1.2434605e+00 
4.0192000e+04 1.2125307e+00 
4.0320000e+04 1.0973904e+00 
4.0448000e+04 1.0325712e+00 
4.0576000e+04 1.0489992e+00 
4.0704000e+04 1.1223495e+00 
4.0832000e+04 1.1844745e+00 
4.0960000e+04 1.1421744e+00 
4.1088000e+04 1.0565916e+00 
4.1216000e+04 1.0133442e+00 
4.1344000e+04 9.9339318e-01 
4.1472000e+04 9.8322737e-01 
4.1600000e+04 9.7612649e-01 
4.1728000e+04 9.9237537e-01 
4.1856000e+04 9.9502522e-01 
4.1984000e+04 9.8940492e-01 
4.2112000e+04 9.8725069e-01 
4.2240000e+04 9.9101388e-01 
4.2368000e+04 9.9882305e-01 
4.2496000e+04 1.0166142e+00 
4.2624000e+04 1.0027372e+00 
4.2752000e+04 9.9126434e-01 
4.2880000e+04 9.9568129e-01 
4.3008000e+04 1.0158221e+00 
4.3136000e+04 1.0100150e+00 
4.3264000e+04 1.0011114e+00 
4.3392000e+04 9.9438041e-01 
4.3520000e+04 9.9036682e-01 
4.3648000e+04 9.9627495e-01 
4.3776000e+04 9.9777079e-01 
4.3904000e+04 9.9414498e-01 
4.4032000e+04 9.8418820e-01 
4.4160000e+04 9.7395056e-01 
4.4288000e+04 9.7994977e-01 
4.4416000e+04 9.8791504e-01 
4.4544000e+04 9.8581207e-01 
4.4672000e+04 9.8730224e-01 
4.4800000e+04 9.8975265e-01 
4.4928000e+04 9.8782194e-01 
4.5056000e+04 9.8721802e-01 
4.5184000e+04 9.8965454e-01 
4.5312000e+04 9.8380357e-01 
4.5440000e+04 9.7407633e-01 
4.5568000e+04 9.7775000e-01 
4.5696000e+04 9.8343122e-01 
4.5824000e+04 9.8461783e-01 
4.5952000e+04 9.7730023e-01 
4.6080000e+04 9.8234868e-01 
4.6208000e+04 9.8845643e-01 
4.6336000e+04 9.8490912e-01 
4.6464000e+04 9.8712230e-01 
4.6592000e+04 9.8862511e-01 
4.6720000e+04 9.8665768e-01 
4.6848000e+04 9.8137450e-01 
4.6976000e+04 9.8548424e-01 
4.7104000e+04 9.9316615e-01 
4.7232000e+04 9.8580211e-01 
4.7360000e+04 9.8642629e-01 
4.7488000e+04 9.8739082e-01 
4.7616000e+04 9.7946936e-01 
4.7744000e+04 9.7763473e-01 
4.7872000e+04 9.9125427e-01 
4.8000000e+04 9.9821258e-01 
4.8128000e+04 9.8623735e-01 
4.8256000e+04 9.7679514e-01 
4.8384000e+04 9.7745568e-01 
4.8512000e+04 9.7741050e-01 
4.8640000e+04 9.7923797e-01 
4.8768000e+04 9.8942089e-01 
4.8896000e+04 9.8625571e-01 
4.9024000e+04 9.7878134e-01 
4.9152000e+04 9.7439545e-01 
4.9280000e+04 9.7866839e-01 
4.9408000e+04 9.6980011e-01 
4.9536000e+04 9.7736931e-01 
4.9664000e+04 9.7642684e-01 
4.9792000e+04 9.6753109e-01 
4.9920000e+04 9.6992207e-01 
5.0048000e+04 9.6435183e-01 
5.0176000e+04 9.6893471e-01 
5.0304000e+04 9.6570599e-01 
5.0432000e+04 9.6509725e-01 
5.0560000e+04 9.6653438e-01 
5.0688000e+04 9.6791387e-01 
5.0816000e+04 9.6303058e-01 
5.0944000e+04 9.7890389e-01 
5.1072000e+04 9.7815108e-01 
5.1200000e+04 9.6622455e-01 
5.1328000e+04 9.6570420e-01 
5.1456000e+04 9.7415298e-01 
5.1584000e+04 9.8019081e-01 
5.1712000e+04 9.7511005e-01 
5.1840000e+04 9.8219013e-01 
5.1968000e+04 9.9049735e-01 
5.2096000e+04 9.8716623e-01 
5.2224000e+04 9.7019595e-01 
5.2352000e+04 9.7909319e-01 
5.2480000e+04 9.8148817e-01 
5.2608000e+04 9.8009568e-01 
5.2736000e+04 9.8076409e-01 
5.2864000e+04 9.8223794e-01 
5.2992000e+04 9.7486252e-01 
5.3120000e+04 9.7549629e-01 
5.3248000e+04 9.8077059e-01 
5.3376000e+04 9.8133641e-01 
5.3504000e+04 9.9165219e-01 
5.3632000e+04 9.9350446e-01 
5.3760000e+04 9.8120576e-01 
5.3888000e+04 9.7462928e-01 
5.4016000e+04 9.7640479e-01 
5.4144000e+04 9.8737538e-01 
5.4272000e+04 9.8499846e-01 
5.4400000e+04 9.8437029e-01 
5.4528000e+04 9.7677046e-01 
5.4656000e+04 9.8470485e-01 
5.4784000e+04 9.7611809e-01 
5.4912000e+04 9.6937573e-01 
5.5040000e+04 9.7710383e-01 
5.5168000e+04 9.7423643e-01 
5.5296000e+04 9.6911478e-01 
5.5424000e+04 9.7355944e-01 
5.5552000e+04 9.9047095e-01 
5.5680000e+04 9.8302889e-01 
5.5808000e+04 9.7095531e-01 
5.5936000e+04 9.8722136e-01 
5.6064000e+04 9.7743887e-01 
5.6192000e+04 9.6425921e-01 
5.6320000e+04 9.6976274e-01 
5.6448000e+04 9.6697938e-01 
5.6576000e+04 9.6550131e-01 
5.6704000e+04 9.8437136e-01 
5.6832000e+04 9.8571330e-01 
5.6960000e+04 9.6939391e-01 
5.7088000e+04 9.7440892e-01 
5.7216000e+04 9.8157078e-01 
5.7344000e+04 9.7267342e-01 
5.7472000e+04 9.7619534e-01 
5.7600000e+04 9.7300768e-01 
5.7728000e+04 9.7646916e-01 
5.7856000e+04 9.7979420e-01 
5.7984000e+04 9.8383635e-01 
5.8112000e+04 9.7111821e-01 
5.8240000e+04 9.6658266e-01 
5.8368000e+04 9.6921933e-01 
5.8496000e+04 9.6335554e-01 
5.8624000e+04 9.8463815e-01 
5.8752000e+04 1.0559691e+00 
5.8880000e+04 1.0065305e+00 
5.9008000e+04 9.6499550e-01 
5.9136000e+04 9.7586000e-01 
5.9264000e+04 9.7002763e-01 
5.9392000e+04 9.6881944e-01 
5.9520000e+04 9.6762305e-01 
5.9648000e+04 9.6834838e-01 
5.9776000e+04 9.7953331e-01 
5.9904000e+04 1.0280862e+00 
6.0032000e+04 1.0202299e+00 
6.0160000e+04 9.7095680e-01 
6.0288000e+04 9.5594865e-01 
6.0416000e+04 9.5961714e-01 
6.0544000e+04 9.6970457e-01 
6.0672000e+04 9.6665621e-01 
6.0800000e+04 9.6758181e-01 
6.0928000e+04 9.6874082e-01 
6.1056000e+04 9.5431799e-01 
6.1184000e+04 9.5988530e-01 
6.1312000e+04 9.7309989e-01 
6.1440000e+04 9.7751725e-01 
6.1568000e+04 9.8258108e-01 
6.1696000e+04 9.7625834e-01 
6.1824000e+04 9.7092915e-01 
6.1952000e+04 9.8406285e-01 
6.2080000e+04 9.7817332e-01 
6.2208000e+04 9.7022474e-01 
6.2336000e+04 9.6805340e-01 
6.2464000e+04 9.7595870e-01 
6.2592000e+04 9.7344190e-01 
6.2720000e+04 9.7759879e-01 
6.2848000e+04 9.9044067e-01 
6.2976000e+04 9.7262281e-01 
6.3104000e+04 9.6914029e-01 
6.3232000e+04 9.7464478e-01 
6.3360000e+04 1.0071856e+00 
6.3488000e+04 1.0025597e+00 
6.3616000e+04 9.7880006e-01 
6.3744000e+04 9.7900128e-01 
6.3872000e+04 9.9040842e-01 
6.4000000e+04 1.0037204e+00 
6.4128000e+04 9.9090314e-01 
6.4256000e+04 9.8530346e-01 
6.4384000e+04 9.9159867e-01 
6.4512000e+04 9.9019080e-01 
6.4640000e+04 9.9844354e-01 
6.4768000e+04 1.0023961e+00 
6.4896000e+04 1.0152940e+00 
6.5024000e+04 1.0128670e+00 
6.5152000e+04 1.0102019e+00 
6.5280000e+04 1.0017134e+00 
6.5408000e+04 9.8881048e-01 
6.5536000e+04 9.8808879e-01 
6.5664000e+04 9.8043972e-01 
6.5792000e+04 9.7658068e-01 
6.5920000e+04 9.7776592e-01 
6.6048000e+04 9.8589236e-01 
6.6176000e+04 9.9010217e-01 
6.6304000e+04 9.9174082e-01 
6.6432000e+04 9.7685844e-01 
6.6560000e+04 9.8012578e-01 
6.6688000e+04 9.6889019e-01 
6.6816000e+04 9.7722208e-01 
6.6944000e+04 9.8705047e-01 
6.7072000e+04 9.8034149e-01 
6.7200000e+04 9.7742277e-01 
6.7328000e+04 9.6641898e-01 
6.7456000e+04 9.6285647e-01 
6.7584000e+04 9.6793592e-01 
6.7712000e+04 9.6509373e-01 
6.7840000e+04 9.7349322e-01 
6.7968000e+04 9.8320800e-01 
6.8096000e+04 9.8971730e-01 
6.8224000e+04 9.9260843e-01 
6.8352000e+04 9.6661955e-01 
6.8480000e+04 9.7277761e-01 
6.8608000e+04 9.8672831e-01 
6.8736000e+04 9.8142159e-01 
6.8864000e+04 9.7147256e-01 
6.8992000e+04 9.7411978e-01 
6.9120000e+04 9.8354387e-01 
6.9248000e+04 9.9830908e-01 
6.9376000e+04 9.8766989e-01 
6.9504000e+04 9.8200321e-01 
6.9632000e+04 9.7154492e-01 
6.9760000e+04 9.7816312e-01 
6.9888000e+04 9.7256583e-01 
7.0016000e+04 9.6721452e-01 
7.0144000e+04 9.6994114e-01 
7.0272000e+04 9.7658205e-01 
7.0400000e+04 9.8215431e-01 
7.0528000e+04 9.8508567e-01 
7.0656000e+04 9.7319746e-01 
7.0784000e+04 9.7324127e-01 
7.0912000e+04 9.9652493e-01 
7.1040000e+04 1.0017086e+00 
7.1168000e+04 9.8376155e-01 
7.1296000e+04 9.8601234e-01 
7.1424000e+04 9.9061990e-01 
7.1552000e+04 1.0118560e+00 
7.1680000e+04 1.0118568e+00 
7.1808000e+04 9.9887735e-01 
7.1936000e+04 1.0195737e+00 
7.2064000e+04 1.0078732e+00 
7.2192000e+04 9.9044597e-01 
7.2320000e+04 1.0071259e+00 
7.2448000e+04 1.0158721e+00 
7.2576000e+04 1.0072302e+00 
7.2704000e+04 1.0131913e+00 
7.2832000e+04 1.0301178e+00 
7.2960000e+04 1.0264579e+00 
7.3088000e+04 1.0043437e+00 
7.3216000e+04 9.9257463e-01 
7.3344000e+04 9.7992426e-01 
7.3472000e+04 9.7395658e-01 
7.3600000e+04 9.8342043e-01 
7.3728000e+04 1.0041909e+00 
7.3856000e+04 1.0521158e+00 
7.3984000e+04 1.0830984e+00 
7.4112000e+04 1.0358335e+00 
7.4240000e+04 1.0037392e+00 
7.4368000e+04 9.9410003e-01 
7.4496000e+04 9.8871511e-01 
7.4624000e+04 1.0001068e+00 
7.4752000e+04 1.0047165e+00 
7.4880000e+04 1.0080976e+00 
7.5008000e+04 1.0012790e+00 
7.5136000e+04 9.9413800e-01 
7.5264000e+04 9.8684770e-01 
7.5392000e+04 9.9577892e-01 
7.5520000e+04 9.9864787e-01 
7.5648000e+04 1.0005041e+00 
7.5776000e+04 9.9976975e-01 
7.5904000e+04 9.9009335e-01 
7.6032000e+04 9.8521620e-01 
7.6160000e+04 9.9990541e-01 
7.6288000e+04 9.8157907e-01 
7.6416000e+04 9.6874595e-01 
7.6544000e+04 9.8434865e-01 
7.6672000e+04 1.0022458e+00 
7.6800000e+04 1.0005583e+00 
7.6928000e+04 9.9877918e-01 
7.7056000e+04 9.9090761e-01 
7.7184000e+04 9.8651218e-01 
7.7312000e+04 9.8538178e-01 
7.7440000e+04 9.8545241e-01 
7.7568000e+04 9.9988556e-01 
7.7696000e+04 9.9933922e-01 
7.7824000e+04 9.9754030e-01 
7.7952000e+04 9.8355079e-01 
7.8080000e+04 9.7304314e-01 
7.8208000e+04 9.9635810e-01 
7.8336000e+04 1.1239200e+00 
7.8464000e+04 1.0585136e+00 
7.8592000e+04 9.9130911e-01 
7.8720000e+04 9.8418969e-01 
7.8848000e+04 9.8164552e-01 
7.8976000e+04 9.8483896e-01 
7.9104000e+04 9.8780602e-01 
7.9232000e+04 9.8199415e-01 
7.9360000e+04 9.8932719e-01 
7.9488000e+04 9.8532593e-01 
7.9616000e+04 9.7879934e-01 
7.9744000e+04 1.0020980e+00 
7.9872000e+04 1.0106412e+00 
8.0000000e+04 1.0136046e+00 
8.0128000e+04 9.9694771e-01 
8.0256000e+04 9.9215525e-01 
8.0384000e+04 1.0061411e+00 
8.0512000e+04 1.0146643e+00 
8.0640000e+04 1.0461886e+00 
8.0768000e+04 1.1420304e+00 
8.0896000e+04 1.1186134e+00 
8.1024000e+04 1.0493009e+00 
8.1152000e+04 1.0121150e+00 
8.1280000e+04 1.0079374e+00 
8.1408000e+04 1.0227463e+00 
8.1536000e+04 1.0427382e+00 
8.1664000e+04 1.0089140e+00 
8.1792000e+04 1.0061991e+00 
8.1920000e+04 1.0186729e+00 
8.2048000e+04 1.0074149e+00 
8.2176000e+04 9.9786717e-01 
8.2304000e+04 1.0091717e+00 
8.2432000e+04 1.0069348e+00 
8.2560000e+04 1.0170171e+00 
8.2688000e+04 1.0059406e+00 
8.2816000e+04 1.0026865e+00 
8.2944000e+04 1.0041052e+00 
8.3072000e+04 9.9915618e-01 
8.3200000e+04 1.0018678e+00 
8.3328000e+04 1.0023830e+00 
8.3456000e+04 1.0195452e+00 
8.3584000e+04 1.0164098e+00 
8.3712000e+04 9.9463397e-01 
8.3840000e+04 1.0082327e+00 
8.3968000e+04 1.0070089e+00 
8.4096000e+04 9.9446940e-01 
8.4224000e+04 1.0007405e+00 
8.4352000e+04 9.9337465e-01 
8.4480000e+04 9.9326813e-01 
8.4608000e+04 9.9657774e-01 
8.4736000e+04 1.0030750e+00 
8.4864000e+04 1.0089935e+00 
8.4992000e+04 1.0154440e+00 
8.5120000e+04 1.0030525e+00 
8.5248000e+04 9.9739307e-01 
8.5376000e+04 1.0048161e+00 
8.5504000e+04 1.0145522e+00 
8.5632000e+04 1.0307243e+00 
8.5760000e+04 1.0381501e+00 
8.5888000e+04 1.0409131e+00 
8.6016000e+04 1.0536978e+00 
8.6144000e+04 1.0665427e+00 
8.6272000e+04 1.0556279e+00 
8.6400000e+04 1.0362688e+00 
8.6528000e+04 1.0265566e+00 
8.6656000e+04 1.0212507e+00 
8.6784000e+04 1.0237086e+00 
8.6912000e+04 1.0450842e+00 
8.7040000e+04 1.0541890e+00 
8.7168000e+04 1.0408697e+00 
8.7296000e+04 1.0388039e+00 
8.7424000e+04 1.0401809e+00 
8.7552000e+04 1.0512524e+00 
8.7680000e+04 1.0529344e+00 
8.7808000e+04 1.0473350e+00 
8.7936000e+04 1.0676758e+00 
8.8064000e+04 1.0748019e+00 
8.8192000e+04 1.0529511e+00 
8.8320000e+04 1.0385793e+00 
8.8448000e+04 1.0286949e+00 
8.8576000e+04 1.0233748e+00 
8.8704000e+04 1.0262769e+00 
8.8832000e+04 1.0564051e+00 
8.8960000e+04 1.0586815e+00 
8.9088000e+04 1.0452466e+00 
8.9216000e+04 1.0308641e+00 
8.9344000e+04 1.0460563e+00 
8.9472000e+04 1.0405346e+00 
8.9600000e+04 1.0312281e+00 
8.9728000e+04 1.0477171e+00 
8.9856000e+04 1.0646611e+00 
8.9984000e+04 1.0891548e+00 
9.0112000e+04 1.0972252e+00 
9.0240000e+04 1.1016914e+00 
9.0368000e+04 1.0981554e+00 
9.0496000e+04 1.0774583e+00 
9.0624000e+04 1.0904732e+00 
9.0752000e+04 1.0934483e+00 
9.0880000e+04 1.0737858e+00 
9.1008000e+04 1.0477612e+00 
9.1136000e+04 1.0442255e+00 
9.1264000e+04 1.0501200e+00 
9.1392000e+04 1.0625540e+00 
9.1520000e+04 1.0477742e+00 
9.1648000e+04 1.0516702e+00 
9.1776000e+04 1.0590119e+00 
9.1904000e+04 1.0506850e+00 
9.2032000e+04 1.0488442e+00 
9.2160000e+04 1.0505346e+00 
9.2288000e+04 1.0454684e+00 
9.2416000e+04 1.0445640e+00 
9.2544000e+04 1.0443088e+00 
9.2672000e+04 1.0431333e+00 
9.2800000e+04 1.0501554e+00 
9.2928000e+04 1.0586820e+00 
9.3056000e+04 1.0620363e+00 
9.3184000e+04 1.0596184e+00 
9.3312000e+04 1.0905440e+00 
9.3440000e+04 1.1312013e+00 
9.3568000e+04 1.2052360e+00 
9.3696000e+04 1.2694840e+00 
9.3824000e+04 1.2662126e+00 
9.3952000e+04 1.2668782e+00 
9.4080000e+04 1.2040161e+00 
9.4208000e+04 1.1553620e+00 
9.4336000e+04 1.1494435e+00 
9.4464000e+04 1.1722150e+00 
9.4592000e+04 1.2090043e+00 
9.4720000e+04 1.3052473e+00 
9.4848000e+04 1.4307488e+00 
9.4976000e+04 1.5855535e+00 
9.5104000e+04 1.6074717e+00 
9.5232000e+04 1.5755731e+00 
9.5360000e+04 1.7190866e+00 
9.5488000e+04 1.8724312e+00 
9.5616000e+04 1.7189330e+00 
9.5744000e+04 1.5645512e+00 
9.5872000e+04 1.5120052e+00 
9.6000000e+04 1.6143341e+00 
9.6128000e+04 1.5739197e+00 
9.6256000e+04 1.6074142e+00 
9.6384000e+04 1.8090413e+00 
9.6512000e+04 2.2930017e+00 
9.6640000e+04 2.5615077e+00 
9.6768000e+04 2.5451379e+00 
9.6896000e+04 2.3850794e+00 
9.7024000e+04 2.1521494e+00 
9.7152000e+04 1.8372518e+00 
9.7280000e+04 1.5604291e+00 
9.7408000e+04 1.3691393e+00 
9.7536000e+04 1.3180186e+00 
9.7664000e+04 1.7562878e+00 
9.7792000e+04 2.4336965e+00 
9.7920000e+04 2.8134420e+00 
9.8048000e+04 2.4021244e+00 
9.8176000e+04 1.4907961e+00 
9.8304000e+04 1.2970788e+00 
9.8432000e+04 1.3424736e+00 
9.8560000e+04 1.3538347e+00 
9.8688000e+04 1.3087023e+00 
9.8816000e+04 1.2635596e+00 
9.8944000e+04 1.2019997e+00 
9.9072000e+04 1.1433063e+00 
9.9200000e+04 1.1235083e+00 
9.9328000e+04 1.1250831e+00 
9.9456000e+04 1.1356802e+00 
9.9584000e+04 1.1395701e+00 
9.9712000e+04 1.1326185e+00 
9.9840000e+04 1.1605446e+00 
9.9968000e+04 1.1880635e+00 
1.0009600e+05 1.1447724e+00 
1.0022400e+05 1.1180444e+00 
1.0035200e+05 1.1081957e+00 
1.0048000e+05 1.0905085e+00 
1.0060800e+05 1.0876348e+00 
1.0073600e+05 1.0964390e+00 
1.0086400e+05 1.0945706e+00 
1.0099200e+05 1.0918777e+00 
1.0112000e+05 1.0886661e+00 
1.0124800e+05 1.1483485e+00 
1.0137600e+05 1.2045035e+00 
1.0150400e+05 1.1936294e+00 
1.0163200e+05 1.1522790e+00 
1.0176000e+05 1.1254109e+00 
1.0188800e+05 1.1382650e+00 
1.0201600e+05 1.1835933e+00 
1.0214400e+05 1.1795046e+00 
1.0227200e+05 1.2434896e+00 
1.0240000e+05 1.4039395e+00 
