0.0000000e+00 1.9394101e-03 
1.2800000e+02 1.0672120e-03 
2.5600000e+02 2.5933638e-04 
3.8400000e+02 2.8601053e-04 
5.1200000e+02 2.2581825e-04 
6.4000000e+02 1.8645298e-04 
7.6800000e+02 1.3207845e-04 
8.9600000e+02 1.1336852e-04 
1.0240000e+03 2.1581951e-04 
1.1520000e+03 1.6049905e-04 
1.2800000e+03 6.1036379e-05 
1.4080000e+03 5.4768654e-05 
1.5360000e+03 4.8490379e-05 
1.6640000e+03 4.5979556e-05 
1.7920000e+03 4.3560649e-05 
1.9200000e+03 3.2068190e-05 
2.0480000e+03 2.6468771e-05 
2.1760000e+03 2.3028320e-05 
2.3040000e+03 2.0712918e-05 
2.4320000e+03 1.8643743e-05 
2.5600000e+03 1.6728587e-05 
2.6880000e+03 1.7062766e-05 
2.8160000e+03 1.7906345e-05 
2.9440000e+03 1.7012559e-05 
3.0720000e+03 1.5983116e-05 
3.2000000e+03 1.5573583e-05 
3.3280000e+03 1.8634000e-05 
3.4560000e+03 4.4342003e-05 
3.5840000e+03 6.6546706e-04 
3.7120000e+03 1.0596059e-03 
3.8400000e+03 4.1694756e-04 
3.9680000e+03 2.7434453e-05 
4.0960000e+03 1.4421356e-05 
4.2240000e+03 1.1254180e-05 
4.3520000e+03 1.0244323e-05 
4.4800000e+03 9.5086716e-06 
4.6080000e+03 8.8430070e-06 
4.7360000e+03 8.6249711e-06 
4.8640000e+03 8.8033848e-06 
4.9920000e+03 8.9316272e-06 
5.1200000e+03 9.6487138e-06 
5.2480000e+03 1.0283111e-05 
5.3760000e+03 1.0369562e-05 
5.5040000e+03 1.0251153e-05 
5.6320000e+03 1.0024944e-05 
5.7600000e+03 1.0847432e-05 
5.8880000e+03 1.0184357e-05 
6.0160000e+03 9.9539702e-06 
6.1440000e+03 1.1724560e-05 
6.2720000e+03 1.4248965e-05 
6.4000000e+03 1.4697032e-05 
6.5280000e+03 1.2321902e-05 
6.6560000e+03 1.0242321e-05 
6.7840000e+03 9.0255153e-06 
6.9120000e+03 8.9240993e-06 
7.0400000e+03 8.8736924e-06 
7.1680000e+03 8.5007960e-06 
7.2960000e+03 8.6538457e-06 
7.4240000e+03 9.3195849e-06 
7.5520000e+03 9.0586936e-06 
7.6800000e+03 8.8890511e-06 
7.8080000e+03 7.8378080e-06 
7.9360000e+03 7.4702293e-06 
8.0640000e+03 7.4122540e-06 
8.1920000e+03 7.3132428e-06 
8.3200000e+03 7.3046963e-06 
8.4480000e+03 7.2877692e-06 
8.5760000e+03 7.3866786e-06 
8.7040000e+03 7.4707459e-06 
8.8320000e+03 7.6539118e-06 
8.9600000e+03 7.8468402e-06 
9.0880000e+03 7.6144497e-06 
9.2160000e+03 7.3947936e-06 
9.3440000e+03 7.5526018e-06 
9.4720000e+03 7.3038541e-06 
9.6000000e+03 7.1042255e-06 
9.7280000e+03 6.8162303e-06 
9.8560000e+03 6.8473369e-06 
9.9840000e+03 7.1472714e-06 
1.0112000e+04 6.4277961e-06 
1.0240000e+04 6.1250666e-06 
1.0368000e+04 5.9504846e-06 
1.0496000e+04 5.9755275e-06 
1.0624000e+04 6.0246725e-06 
1.0752000e+04 6.0405623e-06 
1.0880000e+04 5.8519950e-06 
1.1008000e+04 5.8521300e-06 
1.1136000e+04 5.8950927e-06 
1.1264000e+04 6.0625352e-06 
1.1392000e+04 6.2350487e-06 
1.1520000e+04 6.3349339e-06 
1.1648000e+04 6.4662254e-06 
1.1776000e+04 6.8498712e-06 
1.1904000e+04 6.4588244e-06 
1.2032000e+04 6.3267039e-06 
1.2160000e+04 6.4543369e-06 
1.2288000e+04 6.3030398e-06 
1.2416000e+04 6.2367881e-06 
1.2544000e+04 5.9339977e-06 
1.2672000e+04 6.0143889e-06 
1.2800000e+04 6.3505263e-06 
1.2928000e+04 6.4588176e-06 
1.3056000e+04 6.3336679e-06 
1.3184000e+04 6.2437421e-06 
1.3312000e+04 6.1066339e-06 
1.3440000e+04 6.0594675e-06 
1.3568000e+04 5.9991603e-06 
1.3696000e+04 6.0229995e-06 
1.3824000e+04 6.1427586e-06 
1.3952000e+04 6.5208164e-06 
1.4080000e+04 6.5882696e-06 
1.4208000e+04 6.4458318e-06 
1.4336000e+04 6.6533007e-06 
1.4464000e+04 7.0827527e-06 
1.4592000e+04 7.6642391e-06 
1.4720000e+04 8.3961258e-06 
1.4848000e+04 1.0168715e-05 
1.4976000e+04 1.5132666e-05 
1.5104000e+04 1.6614658e-04 
1.5232000e+04 3.5821414e-04 
1.5360000e+04 1.9721632e-04 
1.5488000e+04 1.6419544e-05 
1.5616000e+04 1.0591190e-05 
1.5744000e+04 8.8547531e-06 
1.5872000e+04 8.2333654e-06 
1.6000000e+04 7.9907741e-06 
1.6128000e+04 7.4824438e-06 
1.6256000e+04 7.3387250e-06 
1.6384000e+04 7.1495947e-06 
1.6512000e+04 6.9844609e-06 
1.6640000e+04 7.0042820e-06 
1.6768000e+04 6.9966727e-06 
1.6896000e+04 7.0904871e-06 
1.7024000e+04 7.2680000e-06 
1.7152000e+04 7.3330143e-06 
1.7280000e+04 7.3871574e-06 
1.7408000e+04 7.5782523e-06 
1.7536000e+04 7.6695678e-06 
1.7664000e+04 7.7512777e-06 
1.7792000e+04 7.8492440e-06 
1.7920000e+04 7.8203147e-06 
1.8048000e+04 7.7464365e-06 
1.8176000e+04 7.6426340e-06 
1.8304000e+04 7.6354127e-06 
1.8432000e+04 7.6477208e-06 
1.8560000e+04 7.5512253e-06 
1.8688000e+04 7.3795777e-06 
1.8816000e+04 7.4134259e-06 
1.8944000e+04 7.5354310e-06 
1.9072000e+04 7.6130368e-06 
1.9200000e+04 7.8673893e-06 
1.9328000e+04 7.5222215e-06 
1.9456000e+04 7.5200164e-06 
1.9584000e+04 8.5514966e-06 
1.9712000e+04 7.3011443e-06 
1.9840000e+04 6.6679559e-06 
1.9968000e+04 6.5151339e-06 
2.0096000e+04 6.3933144e-06 
2.0224000e+04 6.3254329e-06 
2.0352000e+04 6.2047411e-06 
2.0480000e+04 6.1372511e-06 
2.0608000e+04 6.0728016e-06 
2.0736000e+04 6.2323866e-06 
2.0864000e+04 6.1667079e-06 
2.0992000e+04 5.7572970e-06 
2.1120000e+04 5.6043918e-06 
2.1248000e+04 5.5932528e-06 
2.1376000e+04 5.4752900e-06 
2.1504000e+04 5.4019270e-06 
2.1632000e+04 5.2198502e-06 
2.1760000e+04 5.0872254e-06 
2.1888000e+04 4.9501541e-06 
2.2016000e+04 4.8869811e-06 
2.2144000e+04 4.8936445e-06 
2.2272000e+04 4.8209081e-06 
2.2400000e+04 4.7578956e-06 
2.2528000e+04 4.7264316e-06 
2.2656000e+04 4.7072540e-06 
2.2784000e+04 4.7163849e-06 
2.2912000e+04 4.7274330e-06 
2.3040000e+04 4.7299354e-06 
2.3168000e+04 4.6835703e-06 
2.3296000e+04 4.6804707e-06 
2.3424000e+04 4.6642749e-06 
2.3552000e+04 4.5988136e-06 
2.3680000e+04 4.5165925e-06 
2.3808000e+04 4.5451720e-06 
2.3936000e+04 4.6916507e-06 
2.4064000e+04 4.6745131e-06 
2.4192000e+04 4.5044890e-06 
2.4320000e+04 4.4289841e-06 
2.4448000e+04 4.3977343e-06 
2.4576000e+04 4.4394856e-06 
2.4704000e+04 4.6043410e-06 
2.4832000e+04 4.6926089e-06 
2.4960000e+04 4.6735690e-06 
2.5088000e+04 5.0935523e-06 
2.5216000e+04 4.6234950e-06 
2.5344000e+04 4.2612742e-06 
2.5472000e+04 4.2928832e-06 
2.5600000e+04 4.3393288e-06 
2.5728000e+04 4.2502329e-06 
2.5856000e+04 4.2179004e-06 
2.5984000e+04 4.2656088e-06 
2.6112000e+04 4.2482316e-06 
2.6240000e+04 4.2843840e-06 
2.6368000e+04 4.3698419e-06 
2.6496000e+04 4.5396164e-06 
2.6624000e+04 4.9765567e-06 
2.6752000e+04 6.3141083e-06 
2.6880000e+04 8.5845541e-06 
2.7008000e+04 8.0432183e-06 
2.7136000e+04 5.7974817e-06 
2.7264000e+04 4.8334423e-06 
2.7392000e+04 4.5176489e-06 
2.7520000e+04 4.3834075e-06 
2.7648000e+04 4.4422895e-06 
2.7776000e+04 6.2479598e-06 
2.7904000e+04 6.3833400e-06 
2.8032000e+04 4.4037552e-06 
2.8160000e+04 4.1847434e-06 
2.8288000e+04 4.1614489e-06 
2.8416000e+04 4.1196340e-06 
2.8544000e+04 4.0804425e-06 
2.8672000e+04 4.1580920e-06 
2.8800000e+04 4.1895291e-06 
2.8928000e+04 4.1522203e-06 
2.9056000e+04 4.1880066e-06 
2.9184000e+04 4.1910057e-06 
2.9312000e+04 4.2408401e-06 
2.9440000e+04 4.2770848e-06 
2.9568000e+04 4.2305483e-06 
2.9696000e+04 4.2392062e-06 
2.9824000e+04 4.2089396e-06 
2.9952000e+04 4.1946105e-06 
3.0080000e+04 4.2481893e-06 
3.0208000e+04 4.2835140e-06 
3.0336000e+04 4.2558131e-06 
3.0464000e+04 4.3390523e-06 
3.0592000e+04 4.3041300e-06 
3.0720000e+04 4.4607009e-06 
3.0848000e+04 4.7448534e-06 
3.0976000e+04 4.7931776e-06 
3.1104000e+04 4.6257446e-06 
3.1232000e+04 4.4657286e-06 
3.1360000e+04 4.3353189e-06 
3.1488000e+04 4.3564860e-06 
3.1616000e+04 4.3058790e-06 
3.1744000e+04 4.1701301e-06 
3.1872000e+04 4.1605444e-06 
3.2000000e+04 4.2254419e-06 
3.2128000e+04 4.1365765e-06 
3.2256000e+04 4.0724176e-06 
3.2384000e+04 4.0754103e-06 
3.2512000e+04 4.0992400e-06 
3.2640000e+04 4.0541663e-06 
3.2768000e+04 4.0198020e-06 
3.2896000e+04 4.0081582e-06 
3.3024000e+04 4.0016812e-06 
3.3152000e+04 3.9926404e-06 
3.3280000e+04 4.0050086e-06 
3.3408000e+04 4.0581922e-06 
3.3536000e+04 4.1143135e-06 
3.3664000e+04 4.0905356e-06 
3.3792000e+04 4.1030717e-06 
3.3920000e+04 4.1427852e-06 
3.4048000e+04 4.1949511e-06 
3.4176000e+04 4.1284679e-06 
3.4304000e+04 4.1744042e-06 
3.4432000e+04 4.1078451e-06 
3.4560000e+04 4.1041844e-06 
3.4688000e+04 4.0665777e-06 
3.4816000e+04 4.0531604e-06 
3.4944000e+04 4.0554796e-06 
3.5072000e+04 3.9927672e-06 
3.5200000e+04 3.9410857e-06 
3.5328000e+04 3.9320175e-06 
3.5456000e+04 3.9352958e-06 
3.5584000e+04 3.8900639e-06 
3.5712000e+04 3.8541020e-06 
3.5840000e+04 3.8264461e-06 
3.5968000e+04 3.7661837e-06 
3.6096000e+04 3.7214531e-06 
3.6224000e+04 3.7222092e-06 
3.6352000e+04 3.7469633e-06 
3.6480000e+04 3.6969650e-06 
3.6608000e+04 3.6258202e-06 
3.6736000e+04 3.6128258e-06 
3.6864000e+04 3.6632666e-06 
3.6992000e+04 3.6796732e-06 
3.7120000e+04 3.6749655e-06 
3.7248000e+04 3.7165737e-06 
3.7376000e+04 3.7225157e-06 
3.7504000e+04 3.7331247e-06 
3.7632000e+04 3.7610018e-06 
3.7760000e+04 3.7785017e-06 
3.7888000e+04 3.7971083e-06 
3.8016000e+04 3.6992753e-06 
3.8144000e+04 3.7012053e-06 
3.8272000e+04 3.7489592e-06 
3.8400000e+04 3.7476011e-06 
3.8528000e+04 3.7361838e-06 
3.8656000e+04 3.7268221e-06 
3.8784000e+04 3.7486916e-06 
3.8912000e+04 3.8115147e-06 
3.9040000e+04 3.8655571e-06 
3.9168000e+04 3.9841275e-06 
3.9296000e+04 3.9711217e-06 
3.9424000e+04 3.9936399e-06 
3.9552000e+04 3.9737606e-06 
3.9680000e+04 3.9868578e-06 
3.9808000e+04 4.1559924e-06 
3.9936000e+04 4.2502047e-06 
4.0064000e+04 4.1666244e-06 
4.0192000e+04 4.1640633e-06 
4.0320000e+04 4.0438213e-06 
4.0448000e+04 3.9350321e-06 
4.0576000e+04 4.0037817e-06 
4.0704000e+04 4.1742028e-06 
4.0832000e+04 4.2173447e-06 
4.0960000e+04 4.0723776e-06 
4.1088000e+04 3.9238021e-06 
4.1216000e+04 3.8676035e-06 
4.1344000e+04 3.8748162e-06 
4.1472000e+04 3.8195290e-06 
4.1600000e+04 3.7519817e-06 
4.1728000e+04 3.7875316e-06 
4.1856000e+04 3.7781490e-06 
4.1984000e+04 3.8081014e-06 
4.2112000e+04 3.7966040e-06 
4.2240000e+04 3.8216681e-06 
4.2368000e+04 3.9150532e-06 
4.2496000e+04 4.0332548e-06 
4.2624000e+04 3.9247411e-06 
4.2752000e+04 3.8430817e-06 
4.2880000e+04 3.8463322e-06 
4.3008000e+04 3.8636263e-06 
4.3136000e+04 3.8766034e-06 
4.3264000e+04 3.8823027e-06 
4.3392000e+04 3.8527860e-06 
4.3520000e+04 3.8629646e-06 
4.3648000e+04 3.8432249e-06 
4.3776000e+04 3.8111884e-06 
4.3904000e+04 3.8393532e-06 
4.4032000e+04 3.8289932e-06 
4.4160000e+04 3.8523335e-06 
4.4288000e+04 3.8741996e-06 
4.4416000e+04 3.8866870e-06 
4.4544000e+04 3.9150359e-06 
4.4672000e+04 3.9155561e-06 
4.4800000e+04 3.8798012e-06 
4.4928000e+04 3.8726471e-06 
4.5056000e+04 3.8718904e-06 
4.5184000e+04 3.9094434e-06 
4.5312000e+04 3.9084089e-06 
4.5440000e+04 3.9595234e-06 
4.5568000e+04 3.9468491e-06 
4.5696000e+04 3.9154529e-06 
4.5824000e+04 3.9184852e-06 
4.5952000e+04 3.9174829e-06 
4.6080000e+04 3.9856850e-06 
4.6208000e+04 4.0147165e-06 
4.6336000e+04 3.9815559e-06 
4.6464000e+04 3.9759598e-06 
4.6592000e+04 4.0040059e-06 
4.6720000e+04 3.9723382e-06 
4.6848000e+04 3.9439597e-06 
4.6976000e+04 4.0203404e-06 
4.7104000e+04 4.0489349e-06 
4.7232000e+04 4.0527289e-06 
4.7360000e+04 4.0314353e-06 
4.7488000e+04 4.0233608e-06 
4.7616000e+04 4.0055011e-06 
4.7744000e+04 4.0338264e-06 
4.7872000e+04 4.0650602e-06 
4.8000000e+04 4.1091762e-06 
4.8128000e+04 4.0366394e-06 
4.8256000e+04 4.0430668e-06 
4.8384000e+04 4.0121868e-06 
4.8512000e+04 4.0401424e-06 
4.8640000e+04 4.0770124e-06 
4.8768000e+04 4.0702721e-06 
4.8896000e+04 4.0391310e-06 
4.9024000e+04 4.0784676e-06 
4.9152000e+04 4.0659706e-06 
4.9280000e+04 4.0992850e-06 
4.9408000e+04 4.0678015e-06 
4.9536000e+04 4.0665732e-06 
4.9664000e+04 4.0942782e-06 
4.9792000e+04 4.1145936e-06 
4.9920000e+04 4.1038784e-06 
5.0048000e+04 4.1267822e-06 
5.0176000e+04 4.0974805e-06 
5.0304000e+04 4.1000817e-06 
5.0432000e+04 4.0921077e-06 
5.0560000e+04 4.1189919e-06 
5.0688000e+04 4.1450598e-06 
5.0816000e+04 4.1513817e-06 
5.0944000e+04 4.1322232e-06 
5.1072000e+04 4.1534927e-06 
5.1200000e+04 4.1709313e-06 
5.1328000e+04 4.1314925e-06 
5.1456000e+04 4.2154788e-06 
5.1584000e+04 4.2617421e-06 
5.1712000e+04 4.2138731e-06 
5.1840000e+04 4.2442966e-06 
5.1968000e+04 4.2423817e-06 
5.2096000e+04 4.2541501e-06 
5.2224000e+04 4.2328202e-06 
5.2352000e+04 4.2203878e-06 
5.2480000e+04 4.2575703e-06 
5.2608000e+04 4.2533420e-06 
5.2736000e+04 4.2393503e-06 
5.2864000e+04 4.2777469e-06 
5.2992000e+04 4.2401325e-06 
5.3120000e+04 4.2301767e-06 
5.3248000e+04 4.2862848e-06 
5.3376000e+04 4.3264649e-06 
5.3504000e+04 4.3106375e-06 
5.3632000e+04 4.3854247e-06 
5.3760000e+04 4.3984733e-06 
5.3888000e+04 4.3612049e-06 
5.4016000e+04 4.3322689e-06 
5.4144000e+04 4.3121145e-06 
5.4272000e+04 4.3373807e-06 
5.4400000e+04 4.3652335e-06 
5.4528000e+04 4.3916161e-06 
5.4656000e+04 4.3717614e-06 
5.4784000e+04 4.3667196e-06 
5.4912000e+04 4.4346530e-06 
5.5040000e+04 4.4381991e-06 
5.5168000e+04 4.4162716e-06 
5.5296000e+04 4.4706885e-06 
5.5424000e+04 4.4936114e-06 
5.5552000e+04 4.4441431e-06 
5.5680000e+04 4.4210892e-06 
5.5808000e+04 4.4835874e-06 
5.5936000e+04 4.5228103e-06 
5.6064000e+04 4.5359443e-06 
5.6192000e+04 4.5128054e-06 
5.6320000e+04 4.5176043e-06 
5.6448000e+04 4.4673520e-06 
5.6576000e+04 4.5434908e-06 
5.6704000e+04 4.6361170e-06 
5.6832000e+04 4.5781430e-06 
5.6960000e+04 4.5965016e-06 
5.7088000e+04 4.6123555e-06 
5.7216000e+04 4.6126647e-06 
5.7344000e+04 4.5978595e-06 
5.7472000e+04 4.6165001e-06 
5.7600000e+04 4.6008640e-06 
5.7728000e+04 4.5785650e-06 
5.7856000e+04 4.6232208e-06 
5.7984000e+04 4.6529094e-06 
5.8112000e+04 4.6388004e-06 
5.8240000e+04 4.6257751e-06 
5.8368000e+04 4.7008393e-06 
5.8496000e+04 4.6717169e-06 
5.8624000e+04 4.6596274e-06 
5.8752000e+04 4.8325724e-06 
5.8880000e+04 4.7239205e-06 
5.9008000e+04 4.6973773e-06 
5.9136000e+04 4.7285494e-06 
5.9264000e+04 4.7346743e-06 
5.9392000e+04 4.6888958e-06 
5.9520000e+04 4.6883447e-06 
5.9648000e+04 4.7559001e-06 
5.9776000e+04 4.8139736e-06 
5.9904000e+04 5.0109566e-06 
6.0032000e+04 4.9437499e-06 
6.0160000e+04 4.7908152e-06 
6.0288000e+04 4.8392462e-06 
6.0416000e+04 4.8236134e-06 
6.0544000e+04 4.8491497e-06 
6.0672000e+04 4.8368984e-06 
6.0800000e+04 4.8182410e-06 
6.0928000e+04 4.8915117e-06 
6.1056000e+04 4.8442330e-06 
6.1184000e+04 4.8736711e-06 
6.1312000e+04 4.9137757e-06 
6.1440000e+04 4.9401960e-06 
6.1568000e+04 4.9176183e-06 
6.1696000e+04 4.9420842e-06 
6.1824000e+04 4.9383793e-06 
6.1952000e+04 4.9324672e-06 
6.2080000e+04 4.9615373e-06 
6.2208000e+04 4.9653954e-06 
6.2336000e+04 4.9528230e-06 
6.2464000e+04 5.0560534e-06 
6.2592000e+04 5.0910921e-06 
6.2720000e+04 5.0900749e-06 
6.2848000e+04 5.0972167e-06 
6.2976000e+04 5.0912768e-06 
6.3104000e+04 5.1067395e-06 
6.3232000e+04 5.1677575e-06 
6.3360000e+04 5.2953142e-06 
6.3488000e+04 5.2669425e-06 
6.3616000e+04 5.1833449e-06 
6.3744000e+04 5.2496684e-06 
6.3872000e+04 5.3033377e-06 
6.4000000e+04 5.4769375e-06 
6.4128000e+04 5.4089778e-06 
6.4256000e+04 5.3327899e-06 
6.4384000e+04 5.5688461e-06 
6.4512000e+04 5.8841902e-06 
6.4640000e+04 6.2321060e-06 
6.4768000e+04 6.6456860e-06 
6.4896000e+04 6.6811253e-06 
6.5024000e+04 6.2919007e-06 
6.5152000e+04 5.8413902e-06 
6.5280000e+04 5.5593159e-06 
6.5408000e+04 5.4363954e-06 
6.5536000e+04 5.4249531e-06 
6.5664000e+04 5.4876700e-06 
6.5792000e+04 5.4179586e-06 
6.5920000e+04 5.3212966e-06 
6.6048000e+04 5.3736567e-06 
6.6176000e+04 5.4047923e-06 
6.6304000e+04 5.4261145e-06 
6.6432000e+04 5.4274610e-06 
6.6560000e+04 5.4321949e-06 
6.6688000e+04 5.4650918e-06 
6.6816000e+04 5.3926647e-06 
6.6944000e+04 5.4352731e-06 
6.7072000e+04 5.5179939e-06 
6.7200000e+04 5.5026871e-06 
6.7328000e+04 5.5038231e-06 
6.7456000e+04 5.5455444e-06 
6.7584000e+04 5.5505025e-06 
6.7712000e+04 5.5770147e-06 
6.7840000e+04 5.5988439e-06 
6.7968000e+04 5.6390559e-06 
6.8096000e+04 5.7791594e-06 
6.8224000e+04 5.8888759e-06 
6.8352000e+04 5.6773929e-06 
6.8480000e+04 5.6622034e-06 
6.8608000e+04 5.6905546e-06 
6.8736000e+04 5.6591271e-06 
6.8864000e+04 5.6641561e-06 
6.8992000e+04 5.7337038e-06 
6.9120000e+04 5.8507035e-06 
6.9248000e+04 5.9849563e-06 
6.9376000e+04 5.8606306e-06 
6.9504000e+04 5.8371074e-06 
6.9632000e+04 5.8932678e-06 
6.9760000e+04 5.8782043e-06 
6.9888000e+04 5.8668302e-06 
7.0016000e+04 5.8174523e-06 
7.0144000e+04 5.8491109e-06 
7.0272000e+04 5.8724950e-06 
7.0400000e+04 5.8763844e-06 
7.0528000e+04 5.8841706e-06 
7.0656000e+04 6.0054608e-06 
7.0784000e+04 6.0638736e-06 
7.0912000e+04 6.1379451e-06 
7.1040000e+04 6.1889627e-06 
7.1168000e+04 6.0487455e-06 
7.1296000e+04 6.0679563e-06 
7.1424000e+04 6.1647174e-06 
7.1552000e+04 6.1351084e-06 
7.1680000e+04 6.1066944e-06 
7.1808000e+04 6.2849617e-06 
7.1936000e+04 6.4641454e-06 
7.2064000e+04 6.4727033e-06 
7.2192000e+04 6.3258149e-06 
7.2320000e+04 6.3138727e-06 
7.2448000e+04 6.3067505e-06 
7.2576000e+04 6.4399037e-06 
7.2704000e+04 6.5292197e-06 
7.2832000e+04 6.6218831e-06 
7.2960000e+04 6.6075390e-06 
7.3088000e+04 6.4574278e-06 
7.3216000e+04 6.4223568e-06 
7.3344000e+04 6.4536002e-06 
7.3472000e+04 6.4742171e-06 
7.3600000e+04 6.5416266e-06 
7.3728000e+04 6.6008824e-06 
7.3856000e+04 6.8046847e-06 
7.3984000e+04 7.5956204e-06 
7.4112000e+04 7.5346779e-06 
7.4240000e+04 7.1193344e-06 
7.4368000e+04 6.8527070e-06 
7.4496000e+04 6.9117068e-06 
7.4624000e+04 6.8727200e-06 
7.4752000e+04 6.8575241e-06 
7.4880000e+04 6.9072385e-06 
7.5008000e+04 6.8039826e-06 
7.5136000e+04 6.7886331e-06 
7.5264000e+04 6.8119880e-06 
7.5392000e+04 7.0154806e-06 
7.5520000e+04 7.0937494e-06 
7.5648000e+04 7.0293204e-06 
7.5776000e+04 7.0891638e-06 
7.5904000e+04 6.9673429e-06 
7.6032000e+04 6.8406944e-06 
7.6160000e+04 6.8127661e-06 
7.6288000e+04 6.8471413e-06 
7.6416000e+04 6.9488087e-06 
7.6544000e+04 7.2089342e-06 
7.6672000e+04 7.3556494e-06 
7.6800000e+04 7.5928524e-06 
7.6928000e+04 7.6066785e-06 
7.7056000e+04 7.3960114e-06 
7.7184000e+04 7.2411253e-06 
7.7312000e+04 7.2737316e-06 
7.7440000e+04 7.2750495e-06 
7.7568000e+04 7.2509029e-06 
7.7696000e+04 7.1561994e-06 
7.7824000e+04 7.1788249e-06 
7.7952000e+04 7.2296061e-06 
7.8080000e+04 7.1866953e-06 
7.8208000e+04 7.3135320e-06 
7.8336000e+04 7.6385659e-06 
7.8464000e+04 7.5407775e-06 
7.8592000e+04 7.3587107e-06 
7.8720000e+04 7.5627004e-06 
7.8848000e+04 7.5362668e-06 
7.8976000e+04 7.7471595e-06 
7.9104000e+04 7.9716701e-06 
7.9232000e+04 7.6555934e-06 
7.9360000e+04 7.6621609e-06 
7.9488000e+04 7.7623154e-06 
7.9616000e+04 7.8499334e-06 
7.9744000e+04 7.7908680e-06 
7.9872000e+04 7.9725023e-06 
8.0000000e+04 8.3271971e-06 
8.0128000e+04 8.0117788e-06 
8.0256000e+04 7.8622688e-06 
8.0384000e+04 7.9446536e-06 
8.0512000e+04 8.2329771e-06 
8.0640000e+04 1.0157099e-05 
8.0768000e+04 1.5258681e-05 
8.0896000e+04 1.2940878e-05 
8.1024000e+04 8.8807392e-06 
8.1152000e+04 8.3585519e-06 
8.1280000e+04 8.2822626e-06 
8.1408000e+04 8.9929117e-06 
8.1536000e+04 9.0753592e-06 
8.1664000e+04 8.2736096e-06 
8.1792000e+04 8.1898816e-06 
8.1920000e+04 8.2443021e-06 
8.2048000e+04 8.3059576e-06 
8.2176000e+04 8.3046261e-06 
8.2304000e+04 8.3433224e-06 
8.2432000e+04 8.4345629e-06 
8.2560000e+04 8.6016307e-06 
8.2688000e+04 8.5613046e-06 
8.2816000e+04 8.6082446e-06 
8.2944000e+04 8.6255868e-06 
8.3072000e+04 8.5668898e-06 
8.3200000e+04 8.5757365e-06 
8.3328000e+04 8.6100217e-06 
8.3456000e+04 8.7742619e-06 
8.3584000e+04 8.7175686e-06 
8.3712000e+04 8.7445442e-06 
8.3840000e+04 8.8832358e-06 
8.3968000e+04 8.8825336e-06 
8.4096000e+04 8.8469105e-06 
8.4224000e+04 8.9142668e-06 
8.4352000e+04 8.9647174e-06 
8.4480000e+04 8.9854502e-06 
8.4608000e+04 9.0070034e-06 
8.4736000e+04 9.0664353e-06 
8.4864000e+04 9.0094463e-06 
8.4992000e+04 9.0191352e-06 
8.5120000e+04 9.1421052e-06 
8.5248000e+04 9.2344435e-06 
8.5376000e+04 9.2995206e-06 
8.5504000e+04 9.3295675e-06 
8.5632000e+04 9.3350181e-06 
8.5760000e+04 9.3015424e-06 
8.5888000e+04 9.3218468e-06 
8.6016000e+04 9.3691397e-06 
8.6144000e+04 9.3232493e-06 
8.6272000e+04 9.4256302e-06 
8.6400000e+04 9.5348287e-06 
8.6528000e+04 9.6121912e-06 
8.6656000e+04 9.5802352e-06 
8.6784000e+04 9.5654259e-06 
8.6912000e+04 9.6158437e-06 
8.7040000e+04 9.7358370e-06 
8.7168000e+04 9.8575647e-06 
8.7296000e+04 9.8270912e-06 
8.7424000e+04 1.0072186e-05 
8.7552000e+04 1.0290893e-05 
8.7680000e+04 1.0351373e-05 
8.7808000e+04 1.0776776e-05 
8.7936000e+04 1.2009752e-05 
8.8064000e+04 1.2044628e-05 
8.8192000e+04 1.1634079e-05 
8.8320000e+04 1.1046661e-05 
8.8448000e+04 1.0381295e-05 
8.8576000e+04 1.0392449e-05 
8.8704000e+04 1.0538713e-05 
8.8832000e+04 1.0625259e-05 
8.8960000e+04 1.0562739e-05 
8.9088000e+04 1.0650862e-05 
8.9216000e+04 1.0561034e-05 
8.9344000e+04 1.0747836e-05 
8.9472000e+04 1.0882504e-05 
8.9600000e+04 1.0810669e-05 
8.9728000e+04 1.0910512e-05 
8.9856000e+04 1.1298753e-05 
8.9984000e+04 1.2526557e-05 
9.0112000e+04 1.2944814e-05 
9.0240000e+04 1.3442158e-05 
9.0368000e+04 1.3145317e-05 
9.0496000e+04 1.2976292e-05 
9.0624000e+04 1.3251029e-05 
9.0752000e+04 1.3667281e-05 
9.0880000e+04 1.3132118e-05 
9.1008000e+04 1.2095265e-05 
9.1136000e+04 1.1539873e-05 
9.1264000e+04 1.1530386e-05 
9.1392000e+04 1.1641234e-05 
9.1520000e+04 1.1824039e-05 
9.1648000e+04 1.1761280e-05 
9.1776000e+04 1.1553184e-05 
9.1904000e+04 1.1667261e-05 
9.2032000e+04 1.1885239e-05 
9.2160000e+04 1.2059872e-05 
9.2288000e+04 1.2136024e-05 
9.2416000e+04 1.2057886e-05 
9.2544000e+04 1.2228851e-05 
9.2672000e+04 1.2228704e-05 
9.2800000e+04 1.2349464e-05 
9.2928000e+04 1.2640082e-05 
9.3056000e+04 1.2918122e-05 
9.3184000e+04 1.3481414e-05 
9.3312000e+04 1.4536803e-05 
9.3440000e+04 1.6373368e-05 
9.3568000e+04 1.9447323e-05 
9.3696000e+04 2.1311065e-05 
9.3824000e+04 2.2005643e-05 
9.3952000e+04 2.1528749e-05 
9.4080000e+04 1.7768936e-05 
9.4208000e+04 1.4974804e-05 
9.4336000e+04 1.4962692e-05 
9.4464000e+04 1.5807667e-05 
9.4592000e+04 1.8480536e-05 
9.4720000e+04 2.4035158e-05 
9.4848000e+04 3.1316406e-05 
9.4976000e+04 3.9213082e-05 
9.5104000e+04 3.8354265e-05 
9.5232000e+04 3.6418514e-05 
9.5360000e+04 4.3772852e-05 
9.5488000e+04 4.9148817e-05 
9.5616000e+04 4.4723038e-05 
9.5744000e+04 3.9457660e-05 
9.5872000e+04 3.9175946e-05 
9.6000000e+04 4.3509983e-05 
9.6128000e+04 4.0766947e-05 
9.6256000e+04 4.2126798e-05 
9.6384000e+04 4.9972212e-05 
9.6512000e+04 6.8118461e-05 
9.6640000e+04 8.0112426e-05 
9.6768000e+04 7.5805823e-05 
9.6896000e+04 6.9981092e-05 
9.7024000e+04 6.2590829e-05 
9.7152000e+04 5.2404197e-05 
9.7280000e+04 4.0672654e-05 
9.7408000e+04 3.0622563e-05 
9.7536000e+04 2.8447079e-05 
9.7664000e+04 4.8413774e-05 
9.7792000e+04 7.7761601e-05 
9.7920000e+04 9.5593787e-05 
9.8048000e+04 7.9470876e-05 
9.8176000e+04 3.6605485e-05 
9.8304000e+04 2.6105517e-05 
9.8432000e+04 2.8332028e-05 
9.8560000e+04 2.9116103e-05 
9.8688000e+04 2.4856725e-05 
9.8816000e+04 2.1730204e-05 
9.8944000e+04 1.9281571e-05 
9.9072000e+04 1.7019080e-05 
9.9200000e+04 1.6295444e-05 
9.9328000e+04 1.6412010e-05 
9.9456000e+04 1.6661497e-05 
9.9584000e+04 1.6638682e-05 
9.9712000e+04 1.7278875e-05 
9.9840000e+04 1.9147648e-05 
9.9968000e+04 1.9387671e-05 
1.0009600e+05 1.8184795e-05 
1.0022400e+05 1.7380231e-05 
1.0035200e+05 1.6545864e-05 
1.0048000e+05 1.6336269e-05 
1.0060800e+05 1.6480557e-05 
1.0073600e+05 1.6356353e-05 
1.0086400e+05 1.6444894e-05 
1.0099200e+05 1.6777847e-05 
1.0112000e+05 1.7473913e-05 
1.0124800e+05 1.9776644e-05 
1.0137600e+05 2.2459490e-05 
1.0150400e+05 2.1521564e-05 
1.0163200e+05 1.9167654e-05 
1.0176000e+05 1.8210789e-05 
1.0188800e+05 1.9237017e-05 
1.0201600e+05 2.1234782e-05 
1.0214400e+05 2.0896961e-05 
1.0227200e+05 2.2311946e-05 
1.0240000e+05 2.9616893e-05 
