0.0000000e+00 2.0246669e-06 
1.2800000e+02 6.6465248e-07 
2.5600000e+02 7.4889613e-08 
3.8400000e+02 9.0500549e-08 
5.1200000e+02 6.9852973e-08 
6.4000000e+02 6.5152769e-08 
7.6800000e+02 2.8934073e-08 
8.9600000e+02 1.3851708e-08 
1.0240000e+03 4.3331109e-08 
1.1520000e+03 2.2949592e-08 
1.2800000e+03 2.1559996e-09 
1.4080000e+03 1.3798732e-09 
1.5360000e+03 1.1727675e-09 
1.6640000e+03 1.1268436e-09 
1.7920000e+03 9.2610153e-10 
1.9200000e+03 5.3934524e-10 
2.0480000e+03 3.5547096e-10 
2.1760000e+03 2.8990993e-10 
2.3040000e+03 2.5151298e-10 
2.4320000e+03 2.0812035e-10 
2.5600000e+03 1.8964805e-10 
2.6880000e+03 2.1226601e-10 
2.8160000e+03 2.1027852e-10 
2.9440000e+03 1.8741743e-10 
3.0720000e+03 1.7511154e-10 
3.2000000e+03 1.8396622e-10 
3.3280000e+03 2.6357497e-10 
3.4560000e+03 1.4252861e-09 
3.5840000e+03 3.1906737e-07 
3.7120000e+03 8.0754631e-07 
3.8400000e+03 1.2435100e-07 
3.9680000e+03 5.3961530e-10 
4.0960000e+03 1.4989888e-10 
4.2240000e+03 1.0260837e-10 
4.3520000e+03 9.3373864e-11 
4.4800000e+03 8.4272873e-11 
4.6080000e+03 7.6540968e-11 
4.7360000e+03 7.2471064e-11 
4.8640000e+03 7.0634852e-11 
4.9920000e+03 7.1009497e-11 
5.1200000e+03 7.6484014e-11 
5.2480000e+03 8.3814074e-11 
5.3760000e+03 8.6410844e-11 
5.5040000e+03 8.7236385e-11 
5.6320000e+03 8.1538311e-11 
5.7600000e+03 9.7185246e-11 
5.8880000e+03 8.6781846e-11 
6.0160000e+03 7.4303598e-11 
6.1440000e+03 9.2792135e-11 
6.2720000e+03 1.2637986e-10 
6.4000000e+03 1.4240785e-10 
6.5280000e+03 1.1063921e-10 
6.6560000e+03 8.1631826e-11 
6.7840000e+03 6.9024550e-11 
6.9120000e+03 6.8373154e-11 
7.0400000e+03 6.9704340e-11 
7.1680000e+03 6.8946231e-11 
7.2960000e+03 7.5053339e-11 
7.4240000e+03 8.3486926e-11 
7.5520000e+03 7.0170598e-11 
7.6800000e+03 6.9830426e-11 
7.8080000e+03 5.9146722e-11 
7.9360000e+03 5.5105715e-11 
8.0640000e+03 5.5193877e-11 
8.1920000e+03 5.2729252e-11 
8.3200000e+03 5.2360945e-11 
8.4480000e+03 5.1651881e-11 
8.5760000e+03 5.2686543e-11 
8.7040000e+03 5.1526245e-11 
8.8320000e+03 4.9864456e-11 
8.9600000e+03 5.1006931e-11 
9.0880000e+03 4.8765988e-11 
9.2160000e+03 4.9376420e-11 
9.3440000e+03 5.2756240e-11 
9.4720000e+03 4.8937521e-11 
9.6000000e+03 4.5983644e-11 
9.7280000e+03 4.4892423e-11 
9.8560000e+03 4.2972927e-11 
9.9840000e+03 3.9761739e-11 
1.0112000e+04 3.9449777e-11 
1.0240000e+04 4.0351063e-11 
1.0368000e+04 3.8970879e-11 
1.0496000e+04 3.8670640e-11 
1.0624000e+04 3.9147824e-11 
1.0752000e+04 3.7769794e-11 
1.0880000e+04 3.5790690e-11 
1.1008000e+04 3.5947592e-11 
1.1136000e+04 3.6453798e-11 
1.1264000e+04 3.7216043e-11 
1.1392000e+04 3.8470414e-11 
1.1520000e+04 3.9365750e-11 
1.1648000e+04 3.7695059e-11 
1.1776000e+04 3.7511744e-11 
1.1904000e+04 3.6770240e-11 
1.2032000e+04 3.5657879e-11 
1.2160000e+04 3.5527508e-11 
1.2288000e+04 3.4765323e-11 
1.2416000e+04 3.4173279e-11 
1.2544000e+04 3.5403836e-11 
1.2672000e+04 3.6585960e-11 
1.2800000e+04 3.7285657e-11 
1.2928000e+04 3.7381247e-11 
1.3056000e+04 3.7699361e-11 
1.3184000e+04 3.6643528e-11 
1.3312000e+04 3.4778916e-11 
1.3440000e+04 3.4786552e-11 
1.3568000e+04 3.4484079e-11 
1.3696000e+04 3.4540464e-11 
1.3824000e+04 3.4098092e-11 
1.3952000e+04 3.8827715e-11 
1.4080000e+04 3.9618368e-11 
1.4208000e+04 3.8606156e-11 
1.4336000e+04 4.1359041e-11 
1.4464000e+04 4.4703057e-11 
1.4592000e+04 5.0977261e-11 
1.4720000e+04 6.2055451e-11 
1.4848000e+04 9.1074807e-11 
1.4976000e+04 1.9959512e-10 
1.5104000e+04 2.7061096e-08 
1.5232000e+04 1.2720568e-07 
1.5360000e+04 3.8808537e-08 
1.5488000e+04 2.5916658e-10 
1.5616000e+04 1.0437802e-10 
1.5744000e+04 7.2292568e-11 
1.5872000e+04 6.0777508e-11 
1.6000000e+04 5.4715159e-11 
1.6128000e+04 4.6938148e-11 
1.6256000e+04 4.4493478e-11 
1.6384000e+04 4.3940133e-11 
1.6512000e+04 4.3641649e-11 
1.6640000e+04 4.2507508e-11 
1.6768000e+04 4.0724670e-11 
1.6896000e+04 4.2106728e-11 
1.7024000e+04 4.2899007e-11 
1.7152000e+04 4.2787711e-11 
1.7280000e+04 4.4370251e-11 
1.7408000e+04 4.5134396e-11 
1.7536000e+04 4.3811798e-11 
1.7664000e+04 4.5121414e-11 
1.7792000e+04 4.7848121e-11 
1.7920000e+04 4.7856108e-11 
1.8048000e+04 4.6441514e-11 
1.8176000e+04 4.6317263e-11 
1.8304000e+04 4.5161066e-11 
1.8432000e+04 4.5648419e-11 
1.8560000e+04 4.5902632e-11 
1.8688000e+04 4.5609641e-11 
1.8816000e+04 4.4586786e-11 
1.8944000e+04 4.3438669e-11 
1.9072000e+04 4.0925929e-11 
1.9200000e+04 4.0328477e-11 
1.9328000e+04 3.9651962e-11 
1.9456000e+04 4.8189126e-11 
1.9584000e+04 7.8375154e-11 
1.9712000e+04 4.9532149e-11 
1.9840000e+04 3.6874628e-11 
1.9968000e+04 3.6293094e-11 
2.0096000e+04 3.6365532e-11 
2.0224000e+04 3.6213484e-11 
2.0352000e+04 3.6070470e-11 
2.0480000e+04 3.5519240e-11 
2.0608000e+04 3.3892954e-11 
2.0736000e+04 3.5016014e-11 
2.0864000e+04 3.4619436e-11 
2.0992000e+04 3.2217506e-11 
2.1120000e+04 3.1676013e-11 
2.1248000e+04 3.1122358e-11 
2.1376000e+04 2.9935780e-11 
2.1504000e+04 2.9265715e-11 
2.1632000e+04 2.8778762e-11 
2.1760000e+04 2.7917842e-11 
2.1888000e+04 2.7895230e-11 
2.2016000e+04 2.7152407e-11 
2.2144000e+04 2.6409175e-11 
2.2272000e+04 2.6347775e-11 
2.2400000e+04 2.6250292e-11 
2.2528000e+04 2.6219873e-11 
2.2656000e+04 2.5734278e-11 
2.2784000e+04 2.5939830e-11 
2.2912000e+04 2.6314933e-11 
2.3040000e+04 2.6723904e-11 
2.3168000e+04 2.5830468e-11 
2.3296000e+04 2.5897428e-11 
2.3424000e+04 2.6782946e-11 
2.3552000e+04 2.5843971e-11 
2.3680000e+04 2.5197955e-11 
2.3808000e+04 2.6531881e-11 
2.3936000e+04 2.7183727e-11 
2.4064000e+04 2.6430351e-11 
2.4192000e+04 2.5944046e-11 
2.4320000e+04 2.4773626e-11 
2.4448000e+04 2.5125242e-11 
2.4576000e+04 2.5914097e-11 
2.4704000e+04 3.0351732e-11 
2.4832000e+04 3.3890869e-11 
2.4960000e+04 3.2076605e-11 
2.5088000e+04 4.7915411e-11 
2.5216000e+04 3.4943118e-11 
2.5344000e+04 2.4925267e-11 
2.5472000e+04 2.7183727e-11 
2.5600000e+04 3.0357928e-11 
2.5728000e+04 2.7338713e-11 
2.5856000e+04 2.6055378e-11 
2.5984000e+04 2.6443936e-11 
2.6112000e+04 2.6407668e-11 
2.6240000e+04 2.7462119e-11 
2.6368000e+04 2.9687541e-11 
2.6496000e+04 3.4169827e-11 
2.6624000e+04 4.7598810e-11 
2.6752000e+04 1.0152204e-10 
2.6880000e+04 2.1684061e-10 
2.7008000e+04 1.8881698e-10 
2.7136000e+04 8.0648835e-11 
2.7264000e+04 4.3941580e-11 
2.7392000e+04 3.4301312e-11 
2.7520000e+04 3.0930841e-11 
2.7648000e+04 3.6599779e-11 
2.7776000e+04 1.3601621e-10 
2.7904000e+04 1.3860015e-10 
2.8032000e+04 3.5760207e-11 
2.8160000e+04 2.6864172e-11 
2.8288000e+04 2.6114434e-11 
2.8416000e+04 2.6046110e-11 
2.8544000e+04 2.5658271e-11 
2.8672000e+04 2.5503457e-11 
2.8800000e+04 2.5885717e-11 
2.8928000e+04 2.5755646e-11 
2.9056000e+04 2.6113001e-11 
2.9184000e+04 2.6692820e-11 
2.9312000e+04 2.6545169e-11 
2.9440000e+04 2.7125828e-11 
2.9568000e+04 2.6939078e-11 
2.9696000e+04 2.7119335e-11 
2.9824000e+04 2.6275149e-11 
2.9952000e+04 2.5908747e-11 
3.0080000e+04 2.6179545e-11 
3.0208000e+04 2.5635011e-11 
3.0336000e+04 2.5431371e-11 
3.0464000e+04 2.6935410e-11 
3.0592000e+04 2.6508063e-11 
3.0720000e+04 2.9650796e-11 
3.0848000e+04 3.7349984e-11 
3.0976000e+04 3.8397664e-11 
3.1104000e+04 3.0403430e-11 
3.1232000e+04 2.7113917e-11 
3.1360000e+04 2.5657143e-11 
3.1488000e+04 2.4781949e-11 
3.1616000e+04 2.3610804e-11 
3.1744000e+04 2.2483399e-11 
3.1872000e+04 2.2404986e-11 
3.2000000e+04 2.2359963e-11 
3.2128000e+04 2.1866578e-11 
3.2256000e+04 2.1539080e-11 
3.2384000e+04 2.1742661e-11 
3.2512000e+04 2.3351703e-11 
3.2640000e+04 2.2757888e-11 
3.2768000e+04 2.2518876e-11 
3.2896000e+04 2.2622909e-11 
3.3024000e+04 2.2198614e-11 
3.3152000e+04 2.2388215e-11 
3.3280000e+04 2.2352158e-11 
3.3408000e+04 2.2297350e-11 
3.3536000e+04 2.2412218e-11 
3.3664000e+04 2.2363843e-11 
3.3792000e+04 2.2199589e-11 
3.3920000e+04 2.1764252e-11 
3.4048000e+04 2.1267052e-11 
3.4176000e+04 2.1405737e-11 
3.4304000e+04 2.1618830e-11 
3.4432000e+04 2.1526503e-11 
3.4560000e+04 2.1215696e-11 
3.4688000e+04 2.1241616e-11 
3.4816000e+04 2.1275086e-11 
3.4944000e+04 2.1409121e-11 
3.5072000e+04 2.1057702e-11 
3.5200000e+04 2.1334406e-11 
3.5328000e+04 2.1575578e-11 
3.5456000e+04 2.1680348e-11 
3.5584000e+04 2.1535107e-11 
3.5712000e+04 2.1761912e-11 
3.5840000e+04 2.2170019e-11 
3.5968000e+04 2.1752546e-11 
3.6096000e+04 2.1748582e-11 
3.6224000e+04 2.2350980e-11 
3.6352000e+04 2.1430852e-11 
3.6480000e+04 2.1637829e-11 
3.6608000e+04 2.2015502e-11 
3.6736000e+04 2.2153716e-11 
3.6864000e+04 2.2066614e-11 
3.6992000e+04 2.1992165e-11 
3.7120000e+04 2.2465040e-11 
3.7248000e+04 2.2462523e-11 
3.7376000e+04 2.2709864e-11 
3.7504000e+04 2.3002872e-11 
3.7632000e+04 2.2805263e-11 
3.7760000e+04 2.2514820e-11 
3.7888000e+04 2.2303813e-11 
3.8016000e+04 2.3055365e-11 
3.8144000e+04 2.3376278e-11 
3.8272000e+04 2.3394559e-11 
3.8400000e+04 2.3330995e-11 
3.8528000e+04 2.3064073e-11 
3.8656000e+04 2.2792598e-11 
3.8784000e+04 2.3491495e-11 
3.8912000e+04 2.3165234e-11 
3.9040000e+04 2.3965326e-11 
3.9168000e+04 2.4501226e-11 
3.9296000e+04 2.3973169e-11 
3.9424000e+04 2.4690748e-11 
3.9552000e+04 2.4152666e-11 
3.9680000e+04 2.4142062e-11 
3.9808000e+04 2.5589005e-11 
3.9936000e+04 2.6059382e-11 
4.0064000e+04 2.6037646e-11 
4.0192000e+04 2.6242281e-11 
4.0320000e+04 2.5769111e-11 
4.0448000e+04 2.5150193e-11 
4.0576000e+04 2.6500555e-11 
4.0704000e+04 2.7192982e-11 
4.0832000e+04 2.5544315e-11 
4.0960000e+04 2.4710220e-11 
4.1088000e+04 2.4573912e-11 
4.1216000e+04 2.5086209e-11 
4.1344000e+04 2.5013380e-11 
4.1472000e+04 2.4665820e-11 
4.1600000e+04 2.4470953e-11 
4.1728000e+04 2.4595022e-11 
4.1856000e+04 2.4804218e-11 
4.1984000e+04 2.4510267e-11 
4.2112000e+04 2.5119891e-11 
4.2240000e+04 2.5405972e-11 
4.2368000e+04 2.5876169e-11 
4.2496000e+04 2.6215268e-11 
4.2624000e+04 2.5397384e-11 
4.2752000e+04 2.4880972e-11 
4.2880000e+04 2.5006296e-11 
4.3008000e+04 2.5603113e-11 
4.3136000e+04 2.5141798e-11 
4.3264000e+04 2.5083786e-11 
4.3392000e+04 2.5461433e-11 
4.3520000e+04 2.6141743e-11 
4.3648000e+04 2.6195818e-11 
4.3776000e+04 2.6216938e-11 
4.3904000e+04 2.6770010e-11 
4.4032000e+04 2.6525065e-11 
4.4160000e+04 2.5985212e-11 
4.4288000e+04 2.6359581e-11 
4.4416000e+04 2.6619710e-11 
4.4544000e+04 2.6451893e-11 
4.4672000e+04 2.6543302e-11 
4.4800000e+04 2.6505735e-11 
4.4928000e+04 2.6580224e-11 
4.5056000e+04 2.6751617e-11 
4.5184000e+04 2.6949077e-11 
4.5312000e+04 2.6962158e-11 
4.5440000e+04 2.7008083e-11 
4.5568000e+04 2.6967310e-11 
4.5696000e+04 2.7400918e-11 
4.5824000e+04 2.7456089e-11 
4.5952000e+04 2.8136944e-11 
4.6080000e+04 2.7558475e-11 
4.6208000e+04 2.7375479e-11 
4.6336000e+04 2.8108167e-11 
4.6464000e+04 2.8596705e-11 
4.6592000e+04 2.8514436e-11 
4.6720000e+04 2.8631075e-11 
4.6848000e+04 2.8678457e-11 
4.6976000e+04 2.8202390e-11 
4.7104000e+04 2.9204340e-11 
4.7232000e+04 2.9137338e-11 
4.7360000e+04 2.8971329e-11 
4.7488000e+04 2.9293040e-11 
4.7616000e+04 2.8764989e-11 
4.7744000e+04 2.8910129e-11 
4.7872000e+04 2.9779800e-11 
4.8000000e+04 3.0095020e-11 
4.8128000e+04 2.9849134e-11 
4.8256000e+04 3.0348796e-11 
4.8384000e+04 2.9709714e-11 
4.8512000e+04 3.0206514e-11 
4.8640000e+04 3.0445518e-11 
4.8768000e+04 3.0027886e-11 
4.8896000e+04 2.9700777e-11 
4.9024000e+04 2.9942750e-11 
4.9152000e+04 3.1068960e-11 
4.9280000e+04 3.0402694e-11 
4.9408000e+04 3.0658528e-11 
4.9536000e+04 3.1334324e-11 
4.9664000e+04 3.1634445e-11 
4.9792000e+04 3.1403481e-11 
4.9920000e+04 3.0778734e-11 
5.0048000e+04 3.1532839e-11 
5.0176000e+04 3.2017562e-11 
5.0304000e+04 3.1891399e-11 
5.0432000e+04 3.1572401e-11 
5.0560000e+04 3.2021431e-11 
5.0688000e+04 3.2937503e-11 
5.0816000e+04 3.2018686e-11 
5.0944000e+04 3.1627638e-11 
5.1072000e+04 3.2668389e-11 
5.1200000e+04 3.3379619e-11 
5.1328000e+04 3.3028833e-11 
5.1456000e+04 3.4370000e-11 
5.1584000e+04 3.5340841e-11 
5.1712000e+04 3.4093152e-11 
5.1840000e+04 3.4451761e-11 
5.1968000e+04 3.4427561e-11 
5.2096000e+04 3.4412747e-11 
5.2224000e+04 3.4968525e-11 
5.2352000e+04 3.4580078e-11 
5.2480000e+04 3.4600590e-11 
5.2608000e+04 3.4639892e-11 
5.2736000e+04 3.5100159e-11 
5.2864000e+04 3.4979970e-11 
5.2992000e+04 3.5411847e-11 
5.3120000e+04 3.5731557e-11 
5.3248000e+04 3.5622661e-11 
5.3376000e+04 3.5646840e-11 
5.3504000e+04 3.6269591e-11 
5.3632000e+04 3.6775003e-11 
5.3760000e+04 3.6883212e-11 
5.3888000e+04 3.6369123e-11 
5.4016000e+04 3.6118820e-11 
5.4144000e+04 3.6720776e-11 
5.4272000e+04 3.6641919e-11 
5.4400000e+04 3.7751385e-11 
5.4528000e+04 3.8318994e-11 
5.4656000e+04 3.8059698e-11 
5.4784000e+04 3.7985885e-11 
5.4912000e+04 3.8172021e-11 
5.5040000e+04 3.8387633e-11 
5.5168000e+04 3.8204304e-11 
5.5296000e+04 3.8369932e-11 
5.5424000e+04 3.9505690e-11 
5.5552000e+04 3.9136049e-11 
5.5680000e+04 3.9287077e-11 
5.5808000e+04 4.0578537e-11 
5.5936000e+04 4.1738404e-11 
5.6064000e+04 4.0999239e-11 
5.6192000e+04 3.9543965e-11 
5.6320000e+04 4.0152454e-11 
5.6448000e+04 4.1301230e-11 
5.6576000e+04 4.1834661e-11 
5.6704000e+04 4.2440447e-11 
5.6832000e+04 4.2851556e-11 
5.6960000e+04 4.2454804e-11 
5.7088000e+04 4.2052858e-11 
5.7216000e+04 4.2542341e-11 
5.7344000e+04 4.3455461e-11 
5.7472000e+04 4.3279092e-11 
5.7600000e+04 4.3576340e-11 
5.7728000e+04 4.3219452e-11 
5.7856000e+04 4.2787524e-11 
5.7984000e+04 4.2910783e-11 
5.8112000e+04 4.3857230e-11 
5.8240000e+04 4.4541867e-11 
5.8368000e+04 4.6774550e-11 
5.8496000e+04 4.5803049e-11 
5.8624000e+04 4.5731492e-11 
5.8752000e+04 4.6763662e-11 
5.8880000e+04 4.6325298e-11 
5.9008000e+04 4.6913935e-11 
5.9136000e+04 4.6763253e-11 
5.9264000e+04 4.7048979e-11 
5.9392000e+04 4.8628896e-11 
5.9520000e+04 4.8378811e-11 
5.9648000e+04 4.7698106e-11 
5.9776000e+04 4.8012313e-11 
5.9904000e+04 4.8592498e-11 
6.0032000e+04 4.8891117e-11 
6.0160000e+04 4.8969769e-11 
6.0288000e+04 4.8692262e-11 
6.0416000e+04 4.9868290e-11 
6.0544000e+04 5.1139273e-11 
6.0672000e+04 5.0052490e-11 
6.0800000e+04 4.9951366e-11 
6.0928000e+04 4.9797819e-11 
6.1056000e+04 5.1327154e-11 
6.1184000e+04 5.2863276e-11 
6.1312000e+04 5.3155567e-11 
6.1440000e+04 5.2527125e-11 
6.1568000e+04 5.2077943e-11 
6.1696000e+04 5.2614052e-11 
6.1824000e+04 5.2382109e-11 
6.1952000e+04 5.3014398e-11 
6.2080000e+04 5.5016845e-11 
6.2208000e+04 5.5387046e-11 
6.2336000e+04 5.5139848e-11 
6.2464000e+04 5.6449036e-11 
6.2592000e+04 5.5638039e-11 
6.2720000e+04 5.6682308e-11 
6.2848000e+04 5.7493753e-11 
6.2976000e+04 5.7425870e-11 
6.3104000e+04 5.7431799e-11 
6.3232000e+04 5.8929570e-11 
6.3360000e+04 6.0207908e-11 
6.3488000e+04 5.9934988e-11 
6.3616000e+04 5.9298622e-11 
6.3744000e+04 5.9019317e-11 
6.3872000e+04 6.0319597e-11 
6.4000000e+04 6.2362129e-11 
6.4128000e+04 6.1910088e-11 
6.4256000e+04 6.2281381e-11 
6.4384000e+04 6.7912426e-11 
6.4512000e+04 7.4340971e-11 
6.4640000e+04 7.4038109e-11 
6.4768000e+04 8.3867101e-11 
6.4896000e+04 8.5227200e-11 
6.5024000e+04 7.9142512e-11 
6.5152000e+04 7.2224338e-11 
6.5280000e+04 6.8029145e-11 
6.5408000e+04 6.6370305e-11 
6.5536000e+04 6.7329753e-11 
6.5664000e+04 6.7407566e-11 
6.5792000e+04 6.8098194e-11 
6.5920000e+04 6.6758238e-11 
6.6048000e+04 6.8148306e-11 
6.6176000e+04 6.7923757e-11 
6.6304000e+04 6.7130447e-11 
6.6432000e+04 6.8530980e-11 
6.6560000e+04 7.0176455e-11 
6.6688000e+04 6.9254255e-11 
6.6816000e+04 6.9074128e-11 
6.6944000e+04 6.9622495e-11 
6.7072000e+04 6.9487631e-11 
6.7200000e+04 7.1645884e-11 
6.7328000e+04 7.3045597e-11 
6.7456000e+04 7.3795130e-11 
6.7584000e+04 7.2561034e-11 
6.7712000e+04 7.4096666e-11 
6.7840000e+04 7.5042132e-11 
6.7968000e+04 7.5260131e-11 
6.8096000e+04 7.6753714e-11 
6.8224000e+04 7.9753475e-11 
6.8352000e+04 7.5910264e-11 
6.8480000e+04 7.6113234e-11 
6.8608000e+04 7.7912697e-11 
6.8736000e+04 7.7742479e-11 
6.8864000e+04 7.8485891e-11 
6.8992000e+04 8.0079006e-11 
6.9120000e+04 8.2211259e-11 
6.9248000e+04 8.5537126e-11 
6.9376000e+04 8.4870860e-11 
6.9504000e+04 8.2207650e-11 
6.9632000e+04 8.3783341e-11 
6.9760000e+04 8.4196844e-11 
6.9888000e+04 8.3105189e-11 
7.0016000e+04 8.2758085e-11 
7.0144000e+04 8.4444035e-11 
7.0272000e+04 8.6187231e-11 
7.0400000e+04 8.7833997e-11 
7.0528000e+04 9.0053021e-11 
7.0656000e+04 9.0819977e-11 
7.0784000e+04 9.1076410e-11 
7.0912000e+04 9.0655393e-11 
7.1040000e+04 9.1721471e-11 
7.1168000e+04 9.4036647e-11 
7.1296000e+04 9.4324944e-11 
7.1424000e+04 9.4088279e-11 
7.1552000e+04 9.7205521e-11 
7.1680000e+04 9.6405807e-11 
7.1808000e+04 9.6443499e-11 
7.1936000e+04 9.9343388e-11 
7.2064000e+04 9.9887633e-11 
7.2192000e+04 1.0247507e-10 
7.2320000e+04 1.0314173e-10 
7.2448000e+04 1.0045184e-10 
7.2576000e+04 1.0221392e-10 
7.2704000e+04 1.0296341e-10 
7.2832000e+04 1.0700068e-10 
7.2960000e+04 1.0644011e-10 
7.3088000e+04 1.0405260e-10 
7.3216000e+04 1.0464722e-10 
7.3344000e+04 1.0564769e-10 
7.3472000e+04 1.0527160e-10 
7.3600000e+04 1.1177057e-10 
7.3728000e+04 1.1435551e-10 
7.3856000e+04 1.2941774e-10 
7.3984000e+04 1.8793010e-10 
7.4112000e+04 1.6616956e-10 
7.4240000e+04 1.3346522e-10 
7.4368000e+04 1.2569266e-10 
7.4496000e+04 1.2316208e-10 
7.4624000e+04 1.2221939e-10 
7.4752000e+04 1.2623674e-10 
7.4880000e+04 1.2469828e-10 
7.5008000e+04 1.2155239e-10 
7.5136000e+04 1.2473252e-10 
7.5264000e+04 1.2822934e-10 
7.5392000e+04 1.2920165e-10 
7.5520000e+04 1.3131542e-10 
7.5648000e+04 1.3169399e-10 
7.5776000e+04 1.2951809e-10 
7.5904000e+04 1.3048813e-10 
7.6032000e+04 1.2872843e-10 
7.6160000e+04 1.2725569e-10 
7.6288000e+04 1.3079940e-10 
7.6416000e+04 1.3722615e-10 
7.6544000e+04 1.4858995e-10 
7.6672000e+04 1.5650341e-10 
7.6800000e+04 1.7196847e-10 
7.6928000e+04 1.6928729e-10 
7.7056000e+04 1.5047207e-10 
7.7184000e+04 1.4370145e-10 
7.7312000e+04 1.4038533e-10 
7.7440000e+04 1.4259749e-10 
7.7568000e+04 1.4292885e-10 
7.7696000e+04 1.4570775e-10 
7.7824000e+04 1.4297750e-10 
7.7952000e+04 1.4315847e-10 
7.8080000e+04 1.4640245e-10 
7.8208000e+04 1.5266607e-10 
7.8336000e+04 1.5586035e-10 
7.8464000e+04 1.5008597e-10 
7.8592000e+04 1.5248314e-10 
7.8720000e+04 1.6152954e-10 
7.8848000e+04 1.6161540e-10 
7.8976000e+04 1.7615169e-10 
7.9104000e+04 1.8644213e-10 
7.9232000e+04 1.6513976e-10 
7.9360000e+04 1.5964262e-10 
7.9488000e+04 1.6737919e-10 
7.9616000e+04 1.7976473e-10 
7.9744000e+04 1.7544408e-10 
7.9872000e+04 1.7690564e-10 
8.0000000e+04 1.9022363e-10 
8.0128000e+04 1.7893609e-10 
8.0256000e+04 1.7602872e-10 
8.0384000e+04 1.8053256e-10 
8.0512000e+04 1.9642971e-10 
8.0640000e+04 3.4139000e-10 
8.0768000e+04 9.3900865e-10 
8.0896000e+04 6.2536148e-10 
8.1024000e+04 2.3950333e-10 
8.1152000e+04 2.0175835e-10 
8.1280000e+04 1.9705139e-10 
8.1408000e+04 2.4756550e-10 
8.1536000e+04 2.6325567e-10 
8.1664000e+04 2.0257075e-10 
8.1792000e+04 1.9411932e-10 
8.1920000e+04 2.0014286e-10 
8.2048000e+04 1.9974596e-10 
8.2176000e+04 2.0017495e-10 
8.2304000e+04 2.0245867e-10 
8.2432000e+04 2.0935106e-10 
8.2560000e+04 2.1012804e-10 
8.2688000e+04 2.1324571e-10 
8.2816000e+04 2.1304633e-10 
8.2944000e+04 2.0974311e-10 
8.3072000e+04 2.1555357e-10 
8.3200000e+04 2.1962147e-10 
8.3328000e+04 2.1639111e-10 
8.3456000e+04 2.1689395e-10 
8.3584000e+04 2.1977489e-10 
8.3712000e+04 2.2631008e-10 
8.3840000e+04 2.2948586e-10 
8.3968000e+04 2.2808418e-10 
8.4096000e+04 2.2846716e-10 
8.4224000e+04 2.3665930e-10 
8.4352000e+04 2.4084293e-10 
8.4480000e+04 2.3921581e-10 
8.4608000e+04 2.3897431e-10 
8.4736000e+04 2.4102387e-10 
8.4864000e+04 2.4787283e-10 
8.4992000e+04 2.4368640e-10 
8.5120000e+04 2.4835065e-10 
8.5248000e+04 2.5652186e-10 
8.5376000e+04 2.5618804e-10 
8.5504000e+04 2.5927302e-10 
8.5632000e+04 2.6686431e-10 
8.5760000e+04 2.6755789e-10 
8.5888000e+04 2.6751382e-10 
8.6016000e+04 2.7523700e-10 
8.6144000e+04 2.7744521e-10 
8.6272000e+04 2.7551939e-10 
8.6400000e+04 2.7735383e-10 
8.6528000e+04 2.8984884e-10 
8.6656000e+04 2.8908795e-10 
8.6784000e+04 2.9018510e-10 
8.6912000e+04 2.8758484e-10 
8.7040000e+04 2.9387687e-10 
8.7168000e+04 3.0037317e-10 
8.7296000e+04 3.0724440e-10 
8.7424000e+04 3.2585640e-10 
8.7552000e+04 3.4470829e-10 
8.7680000e+04 3.4285649e-10 
8.7808000e+04 3.7500625e-10 
8.7936000e+04 4.4642826e-10 
8.8064000e+04 4.4293538e-10 
8.8192000e+04 4.7431448e-10 
8.8320000e+04 4.2699574e-10 
8.8448000e+04 3.5692740e-10 
8.8576000e+04 3.4045647e-10 
8.8704000e+04 3.4453349e-10 
8.8832000e+04 3.5118275e-10 
8.8960000e+04 3.5501227e-10 
8.9088000e+04 3.4975439e-10 
8.9216000e+04 3.5960301e-10 
8.9344000e+04 3.6097886e-10 
8.9472000e+04 3.6437792e-10 
8.9600000e+04 3.6529202e-10 
8.9728000e+04 3.7744755e-10 
8.9856000e+04 4.2205409e-10 
8.9984000e+04 5.8851207e-10 
9.0112000e+04 6.4010125e-10 
9.0240000e+04 6.7297529e-10 
9.0368000e+04 6.3674921e-10 
9.0496000e+04 5.8323218e-10 
9.0624000e+04 6.4645356e-10 
9.0752000e+04 6.9140599e-10 
9.0880000e+04 6.1547079e-10 
9.1008000e+04 5.0157345e-10 
9.1136000e+04 4.6088880e-10 
9.1264000e+04 4.4408946e-10 
9.1392000e+04 4.4466519e-10 
9.1520000e+04 4.6056303e-10 
9.1648000e+04 4.5982634e-10 
9.1776000e+04 4.5540488e-10 
9.1904000e+04 4.6900028e-10 
9.2032000e+04 4.8529047e-10 
9.2160000e+04 4.9287158e-10 
9.2288000e+04 5.0309462e-10 
9.2416000e+04 5.0980842e-10 
9.2544000e+04 4.9905535e-10 
9.2672000e+04 4.9831400e-10 
9.2800000e+04 5.1975463e-10 
9.2928000e+04 5.4669042e-10 
9.3056000e+04 5.6713562e-10 
9.3184000e+04 6.1466315e-10 
9.3312000e+04 7.9236767e-10 
9.3440000e+04 1.1340948e-09 
9.3568000e+04 1.5082803e-09 
9.3696000e+04 2.0184963e-09 
9.3824000e+04 2.0312665e-09 
9.3952000e+04 1.5287474e-09 
9.4080000e+04 1.0690649e-09 
9.4208000e+04 8.1901336e-10 
9.4336000e+04 8.4880553e-10 
9.4464000e+04 9.8234010e-10 
9.4592000e+04 1.4953265e-09 
9.4720000e+04 2.4970956e-09 
9.4848000e+04 4.5130135e-09 
9.4976000e+04 6.6074524e-09 
9.5104000e+04 7.0726736e-09 
9.5232000e+04 6.1475625e-09 
9.5360000e+04 8.4339886e-09 
9.5488000e+04 1.1568861e-08 
9.5616000e+04 9.8946282e-09 
9.5744000e+04 7.5049051e-09 
9.5872000e+04 7.3500952e-09 
9.6000000e+04 7.6071798e-09 
9.6128000e+04 7.5502138e-09 
9.6256000e+04 8.5795033e-09 
9.6384000e+04 1.2786381e-08 
9.6512000e+04 2.5210905e-08 
9.6640000e+04 3.5146897e-08 
9.6768000e+04 3.2945277e-08 
9.6896000e+04 2.7060057e-08 
9.7024000e+04 2.0825567e-08 
9.7152000e+04 1.3909270e-08 
9.7280000e+04 7.7378512e-09 
9.7408000e+04 3.9124535e-09 
9.7536000e+04 3.4424235e-09 
9.7664000e+04 1.0305083e-08 
9.7792000e+04 2.5793454e-08 
9.7920000e+04 4.4460663e-08 
9.8048000e+04 3.5752709e-08 
9.8176000e+04 6.7536172e-09 
9.8304000e+04 3.3739018e-09 
9.8432000e+04 3.6885317e-09 
9.8560000e+04 3.7393644e-09 
9.8688000e+04 3.0172043e-09 
9.8816000e+04 2.2549504e-09 
9.8944000e+04 1.6877357e-09 
9.9072000e+04 1.1639598e-09 
9.9200000e+04 1.0415570e-09 
9.9328000e+04 1.0963265e-09 
9.9456000e+04 1.1396619e-09 
9.9584000e+04 1.1283169e-09 
9.9712000e+04 1.3119291e-09 
9.9840000e+04 1.5295465e-09 
9.9968000e+04 1.4897514e-09 
1.0009600e+05 1.2677317e-09 
1.0022400e+05 1.1741152e-09 
1.0035200e+05 1.0521868e-09 
1.0048000e+05 1.0773344e-09 
1.0060800e+05 1.0928556e-09 
1.0073600e+05 1.0677933e-09 
1.0086400e+05 1.0989151e-09 
1.0099200e+05 1.1794722e-09 
1.0112000e+05 1.2771367e-09 
1.0124800e+05 1.6046081e-09 
1.0137600e+05 2.0535160e-09 
1.0150400e+05 1.9907642e-09 
1.0163200e+05 1.4963021e-09 
1.0176000e+05 1.3477048e-09 
1.0188800e+05 1.4345302e-09 
1.0201600e+05 1.4943351e-09 
1.0214400e+05 1.7163497e-09 
1.0227200e+05 2.0838651e-09 
1.0240000e+05 3.9078683e-09 
