0.0000000e+00 5.2313309e-04 
1.2800000e+02 1.6698253e-04 
2.5600000e+02 1.2437778e-05 
3.8400000e+02 2.3729051e-06 
5.1200000e+02 5.0242119e-07 
6.4000000e+02 1.1983015e-07 
7.6800000e+02 6.6936366e-08 
8.9600000e+02 6.4269912e-08 
1.0240000e+03 6.7233941e-08 
1.1520000e+03 6.6469191e-08 
1.2800000e+03 6.5089139e-08 
1.4080000e+03 6.1223972e-08 
1.5360000e+03 5.6284723e-08 
1.6640000e+03 3.3976711e-08 
1.7920000e+03 3.4739720e-08 
1.9200000e+03 5.9410059e-08 
2.0480000e+03 6.7155810e-08 
2.1760000e+03 2.2956927e-08 
2.3040000e+03 2.3040965e-08 
2.4320000e+03 5.7365249e-08 
2.5600000e+03 5.6791201e-08 
2.6880000e+03 2.2065475e-08 
2.8160000e+03 2.4946951e-08 
2.9440000e+03 6.0024945e-08 
3.0720000e+03 5.3110004e-08 
3.2000000e+03 1.9018270e-08 
3.3280000e+03 1.9362760e-08 
3.4560000e+03 5.3935530e-08 
3.5840000e+03 1.3756633e-06 
3.7120000e+03 3.4117568e-06 
3.8400000e+03 5.4638377e-07 
3.9680000e+03 5.6353112e-08 
4.0960000e+03 3.5793871e-08 
4.2240000e+03 1.5319163e-08 
4.3520000e+03 1.9026080e-08 
4.4800000e+03 3.6291979e-08 
4.6080000e+03 2.3507104e-08 
4.7360000e+03 1.4135882e-08 
4.8640000e+03 1.6692589e-08 
4.9920000e+03 2.8217258e-08 
5.1200000e+03 1.7570201e-08 
5.2480000e+03 1.3011502e-08 
5.3760000e+03 1.5574644e-08 
5.5040000e+03 2.1928342e-08 
5.6320000e+03 1.5265266e-08 
5.7600000e+03 1.4296337e-08 
5.8880000e+03 1.7596804e-08 
6.0160000e+03 2.2226027e-08 
6.1440000e+03 1.3767406e-08 
6.2720000e+03 1.1552207e-08 
6.4000000e+03 1.4003572e-08 
6.5280000e+03 1.7336664e-08 
6.6560000e+03 1.2180156e-08 
6.7840000e+03 1.1570055e-08 
6.9120000e+03 1.4462171e-08 
7.0400000e+03 1.7083012e-08 
7.1680000e+03 1.2387202e-08 
7.2960000e+03 1.1490148e-08 
7.4240000e+03 1.5104545e-08 
7.5520000e+03 1.6287876e-08 
7.6800000e+03 1.1205465e-08 
7.8080000e+03 1.1095270e-08 
7.9360000e+03 3.3778715e-08 
8.0640000e+03 3.3803090e-08 
8.1920000e+03 1.0965732e-08 
8.3200000e+03 1.0356466e-08 
8.4480000e+03 1.3709649e-08 
8.5760000e+03 1.3194814e-08 
8.7040000e+03 1.0622798e-08 
8.8320000e+03 1.0918805e-08 
8.9600000e+03 1.3272885e-08 
9.0880000e+03 1.2275140e-08 
9.2160000e+03 1.0104208e-08 
9.3440000e+03 1.0097865e-08 
9.4720000e+03 1.1820040e-08 
9.6000000e+03 1.0739308e-08 
9.7280000e+03 9.6609041e-09 
9.8560000e+03 1.1254477e-08 
9.9840000e+03 1.4322072e-08 
1.0112000e+04 1.0801688e-08 
1.0240000e+04 9.4421511e-09 
1.0368000e+04 9.5700479e-09 
1.0496000e+04 1.0628666e-08 
1.0624000e+04 1.0373832e-08 
1.0752000e+04 1.0067797e-08 
1.0880000e+04 9.5024308e-09 
1.1008000e+04 1.0081779e-08 
1.1136000e+04 9.3732142e-09 
1.1264000e+04 9.7227080e-09 
1.1392000e+04 1.0164038e-08 
1.1520000e+04 1.1461747e-08 
1.1648000e+04 1.3554111e-08 
1.1776000e+04 1.5163934e-08 
1.1904000e+04 1.2297506e-08 
1.2032000e+04 1.0014009e-08 
1.2160000e+04 9.1562695e-09 
1.2288000e+04 8.7600345e-09 
1.2416000e+04 8.6402876e-09 
1.2544000e+04 8.3584517e-09 
1.2672000e+04 8.0685503e-09 
1.2800000e+04 7.9663334e-09 
1.2928000e+04 8.2273930e-09 
1.3056000e+04 8.2961149e-09 
1.3184000e+04 7.6885120e-09 
1.3312000e+04 7.6595112e-09 
1.3440000e+04 7.9193274e-09 
1.3568000e+04 8.0158706e-09 
1.3696000e+04 7.8382723e-09 
1.3824000e+04 7.8026900e-09 
1.3952000e+04 8.0248350e-09 
1.4080000e+04 7.6221287e-09 
1.4208000e+04 7.3679516e-09 
1.4336000e+04 7.5196365e-09 
1.4464000e+04 7.6787430e-09 
1.4592000e+04 7.3600601e-09 
1.4720000e+04 7.4666380e-09 
1.4848000e+04 7.9298212e-09 
1.4976000e+04 8.5003293e-09 
1.5104000e+04 3.1957470e-08 
1.5232000e+04 1.0758568e-07 
1.5360000e+04 4.0761485e-08 
1.5488000e+04 7.7266114e-09 
1.5616000e+04 7.1582820e-09 
1.5744000e+04 7.0997808e-09 
1.5872000e+04 1.3726321e-08 
1.6000000e+04 3.2718610e-08 
1.6128000e+04 1.3052482e-08 
1.6256000e+04 6.8167916e-09 
1.6384000e+04 6.9725159e-09 
1.6512000e+04 7.0604926e-09 
1.6640000e+04 7.0267121e-09 
1.6768000e+04 7.2175510e-09 
1.6896000e+04 7.4281896e-09 
1.7024000e+04 7.2737318e-09 
1.7152000e+04 6.6449197e-09 
1.7280000e+04 6.5076775e-09 
1.7408000e+04 6.8667010e-09 
1.7536000e+04 6.6829959e-09 
1.7664000e+04 6.4726464e-09 
1.7792000e+04 6.4918630e-09 
1.7920000e+04 6.5536252e-09 
1.8048000e+04 6.5877197e-09 
1.8176000e+04 6.4025447e-09 
1.8304000e+04 6.5108079e-09 
1.8432000e+04 6.8913986e-09 
1.8560000e+04 6.5966370e-09 
1.8688000e+04 6.1954148e-09 
1.8816000e+04 6.1421517e-09 
1.8944000e+04 6.4050196e-09 
1.9072000e+04 6.1516543e-09 
1.9200000e+04 5.8893219e-09 
1.9328000e+04 5.8283787e-09 
1.9456000e+04 6.2138081e-09 
1.9584000e+04 7.5808151e-09 
1.9712000e+04 6.5274279e-09 
1.9840000e+04 5.9313598e-09 
1.9968000e+04 6.0362133e-09 
2.0096000e+04 6.0033116e-09 
2.0224000e+04 5.7156142e-09 
2.0352000e+04 5.7321050e-09 
2.0480000e+04 5.8406782e-09 
2.0608000e+04 5.6926543e-09 
2.0736000e+04 5.5801386e-09 
2.0864000e+04 5.5797464e-09 
2.0992000e+04 5.5045244e-09 
2.1120000e+04 5.4767813e-09 
2.1248000e+04 5.4543019e-09 
2.1376000e+04 5.6494671e-09 
2.1504000e+04 5.6343277e-09 
2.1632000e+04 5.5321649e-09 
2.1760000e+04 5.4678169e-09 
2.1888000e+04 5.5564660e-09 
2.2016000e+04 5.5243836e-09 
2.2144000e+04 5.3703832e-09 
2.2272000e+04 5.3585558e-09 
2.2400000e+04 5.6562324e-09 
2.2528000e+04 5.5300515e-09 
2.2656000e+04 5.4493694e-09 
2.2784000e+04 5.2910192e-09 
2.2912000e+04 5.3370659e-09 
2.3040000e+04 5.4836886e-09 
2.3168000e+04 5.4831708e-09 
2.3296000e+04 5.2947504e-09 
2.3424000e+04 5.1407238e-09 
2.3552000e+04 5.0586411e-09 
2.3680000e+04 5.0593520e-09 
2.3808000e+04 5.2820344e-09 
2.3936000e+04 1.2958167e-08 
2.4064000e+04 1.2850502e-08 
2.4192000e+04 5.2614055e-09 
2.4320000e+04 4.8706807e-09 
2.4448000e+04 5.0670681e-09 
2.4576000e+04 5.1594404e-09 
2.4704000e+04 5.3470837e-09 
2.4832000e+04 5.4299347e-09 
2.4960000e+04 5.4139804e-09 
2.5088000e+04 6.2245973e-09 
2.5216000e+04 5.5165645e-09 
2.5344000e+04 4.9478661e-09 
2.5472000e+04 4.9625779e-09 
2.5600000e+04 5.0922551e-09 
2.5728000e+04 4.9193409e-09 
2.5856000e+04 4.8273963e-09 
2.5984000e+04 4.7794249e-09 
2.6112000e+04 4.6724247e-09 
2.6240000e+04 4.7879865e-09 
2.6368000e+04 4.8860098e-09 
2.6496000e+04 5.2708415e-09 
2.6624000e+04 5.8111258e-09 
2.6752000e+04 8.3488940e-09 
2.6880000e+04 1.4309419e-08 
2.7008000e+04 1.2943194e-08 
2.7136000e+04 7.2730448e-09 
2.7264000e+04 5.3970184e-09 
2.7392000e+04 5.1051194e-09 
2.7520000e+04 4.8689266e-09 
2.7648000e+04 5.0384310e-09 
2.7776000e+04 1.0321989e-08 
2.7904000e+04 1.0362654e-08 
2.8032000e+04 4.9328519e-09 
2.8160000e+04 4.4223949e-09 
2.8288000e+04 4.3528043e-09 
2.8416000e+04 4.4153019e-09 
2.8544000e+04 4.3393098e-09 
2.8672000e+04 4.2563459e-09 
2.8800000e+04 4.3438479e-09 
2.8928000e+04 4.3277666e-09 
2.9056000e+04 4.3343289e-09 
2.9184000e+04 4.2535149e-09 
2.9312000e+04 4.2577759e-09 
2.9440000e+04 4.2175485e-09 
2.9568000e+04 4.2580659e-09 
2.9696000e+04 4.1976005e-09 
2.9824000e+04 4.3044701e-09 
2.9952000e+04 4.3409298e-09 
3.0080000e+04 4.1798480e-09 
3.0208000e+04 4.0545580e-09 
3.0336000e+04 4.0968731e-09 
3.0464000e+04 4.1663224e-09 
3.0592000e+04 4.1186117e-09 
3.0720000e+04 4.2779162e-09 
3.0848000e+04 4.6168194e-09 
3.0976000e+04 4.7623798e-09 
3.1104000e+04 4.4590212e-09 
3.1232000e+04 4.1807202e-09 
3.1360000e+04 4.1138937e-09 
3.1488000e+04 4.1065826e-09 
3.1616000e+04 3.9351575e-09 
3.1744000e+04 3.9722554e-09 
3.1872000e+04 5.2076570e-09 
3.2000000e+04 8.5497129e-09 
3.2128000e+04 4.9859530e-09 
3.2256000e+04 3.8344159e-09 
3.2384000e+04 3.8867127e-09 
3.2512000e+04 3.9061097e-09 
3.2640000e+04 3.9076968e-09 
3.2768000e+04 3.8623287e-09 
3.2896000e+04 3.8322612e-09 
3.3024000e+04 3.8576919e-09 
3.3152000e+04 3.7792525e-09 
3.3280000e+04 3.7235746e-09 
3.3408000e+04 3.7444834e-09 
3.3536000e+04 3.7561532e-09 
3.3664000e+04 3.7896655e-09 
3.3792000e+04 3.7901899e-09 
3.3920000e+04 3.7224055e-09 
3.4048000e+04 3.8485792e-09 
3.4176000e+04 3.7143544e-09 
3.4304000e+04 3.5981234e-09 
3.4432000e+04 3.4811158e-09 
3.4560000e+04 3.5168051e-09 
3.4688000e+04 3.5151451e-09 
3.4816000e+04 3.5589587e-09 
3.4944000e+04 3.6076648e-09 
3.5072000e+04 3.4909142e-09 
3.5200000e+04 3.4412520e-09 
3.5328000e+04 3.5341075e-09 
3.5456000e+04 3.6224539e-09 
3.5584000e+04 3.5360559e-09 
3.5712000e+04 3.4765781e-09 
3.5840000e+04 3.4521583e-09 
3.5968000e+04 3.5188907e-09 
3.6096000e+04 3.5309116e-09 
3.6224000e+04 3.4587826e-09 
3.6352000e+04 3.4550858e-09 
3.6480000e+04 3.4253742e-09 
3.6608000e+04 3.4293406e-09 
3.6736000e+04 3.5248149e-09 
3.6864000e+04 3.6275167e-09 
3.6992000e+04 3.4859580e-09 
3.7120000e+04 3.4793506e-09 
3.7248000e+04 3.5434793e-09 
3.7376000e+04 3.6134447e-09 
3.7504000e+04 3.5656156e-09 
3.7632000e+04 3.4421965e-09 
3.7760000e+04 3.3681204e-09 
3.7888000e+04 3.5027625e-09 
3.8016000e+04 3.5206531e-09 
3.8144000e+04 3.3969996e-09 
3.8272000e+04 3.2475203e-09 
3.8400000e+04 3.2124610e-09 
3.8528000e+04 3.2689631e-09 
3.8656000e+04 3.3035508e-09 
3.8784000e+04 3.2557459e-09 
3.8912000e+04 3.2741068e-09 
3.9040000e+04 3.3213061e-09 
3.9168000e+04 3.4183560e-09 
3.9296000e+04 3.2460159e-09 
3.9424000e+04 3.1981162e-09 
3.9552000e+04 3.1983269e-09 
3.9680000e+04 3.1824727e-09 
3.9808000e+04 3.2689056e-09 
3.9936000e+04 4.5611848e-09 
4.0064000e+04 4.5386144e-09 
4.0192000e+04 3.2531231e-09 
4.0320000e+04 3.0653209e-09 
4.0448000e+04 3.1053000e-09 
4.0576000e+04 3.1136440e-09 
4.0704000e+04 3.1585161e-09 
4.0832000e+04 3.1797345e-09 
4.0960000e+04 3.1837100e-09 
4.1088000e+04 3.1679352e-09 
4.1216000e+04 3.0851002e-09 
4.1344000e+04 3.0249263e-09 
4.1472000e+04 3.0141516e-09 
4.1600000e+04 2.9826854e-09 
4.1728000e+04 3.0652199e-09 
4.1856000e+04 3.0988561e-09 
4.1984000e+04 3.0541338e-09 
4.2112000e+04 3.0945175e-09 
4.2240000e+04 3.1141638e-09 
4.2368000e+04 3.7479633e-09 
4.2496000e+04 4.3920552e-09 
4.2624000e+04 3.5414800e-09 
4.2752000e+04 3.1178997e-09 
4.2880000e+04 3.0817553e-09 
4.3008000e+04 3.0942593e-09 
4.3136000e+04 3.0763596e-09 
4.3264000e+04 3.0481373e-09 
4.3392000e+04 2.9932690e-09 
4.3520000e+04 2.8756464e-09 
4.3648000e+04 2.9300953e-09 
4.3776000e+04 2.9668512e-09 
4.3904000e+04 2.9815592e-09 
4.4032000e+04 2.9508158e-09 
4.4160000e+04 2.8314955e-09 
4.4288000e+04 2.9114442e-09 
4.4416000e+04 2.9412541e-09 
4.4544000e+04 2.9155003e-09 
4.4672000e+04 2.8641514e-09 
4.4800000e+04 2.8868388e-09 
4.4928000e+04 2.9200751e-09 
4.5056000e+04 2.8793301e-09 
4.5184000e+04 2.9610780e-09 
4.5312000e+04 2.8736453e-09 
4.5440000e+04 2.8157094e-09 
4.5568000e+04 2.7924769e-09 
4.5696000e+04 2.8295191e-09 
4.5824000e+04 2.8102736e-09 
4.5952000e+04 2.8159690e-09 
4.6080000e+04 2.8095455e-09 
4.6208000e+04 2.8003493e-09 
4.6336000e+04 2.8024840e-09 
4.6464000e+04 2.7977309e-09 
4.6592000e+04 2.8312841e-09 
4.6720000e+04 2.8769791e-09 
4.6848000e+04 2.8211495e-09 
4.6976000e+04 2.7553693e-09 
4.7104000e+04 2.7780367e-09 
4.7232000e+04 2.7869576e-09 
4.7360000e+04 2.8001279e-09 
4.7488000e+04 2.8195641e-09 
4.7616000e+04 2.7904847e-09 
4.7744000e+04 2.7572518e-09 
4.7872000e+04 3.0264611e-09 
4.8000000e+04 3.7074035e-09 
4.8128000e+04 3.0423797e-09 
4.8256000e+04 2.8420917e-09 
4.8384000e+04 2.7807709e-09 
4.8512000e+04 2.8480143e-09 
4.8640000e+04 2.9520213e-09 
4.8768000e+04 2.9559912e-09 
4.8896000e+04 2.9203893e-09 
4.9024000e+04 2.8672600e-09 
4.9152000e+04 2.7491684e-09 
4.9280000e+04 2.6460898e-09 
4.9408000e+04 2.7012352e-09 
4.9536000e+04 2.7539901e-09 
4.9664000e+04 2.7793119e-09 
4.9792000e+04 2.6492584e-09 
4.9920000e+04 2.6825737e-09 
5.0048000e+04 2.7037397e-09 
5.0176000e+04 2.6565461e-09 
5.0304000e+04 2.6253750e-09 
5.0432000e+04 2.6689244e-09 
5.0560000e+04 2.6593476e-09 
5.0688000e+04 2.5811984e-09 
5.0816000e+04 2.6269897e-09 
5.0944000e+04 2.5802462e-09 
5.1072000e+04 2.5590072e-09 
5.1200000e+04 2.5992573e-09 
5.1328000e+04 2.5509002e-09 
5.1456000e+04 2.6068598e-09 
5.1584000e+04 2.6206290e-09 
5.1712000e+04 2.6111910e-09 
5.1840000e+04 2.5614360e-09 
5.1968000e+04 2.6566453e-09 
5.2096000e+04 2.6307305e-09 
5.2224000e+04 2.6214233e-09 
5.2352000e+04 2.6819083e-09 
5.2480000e+04 2.6721851e-09 
5.2608000e+04 2.6537299e-09 
5.2736000e+04 2.6833338e-09 
5.2864000e+04 2.6733060e-09 
5.2992000e+04 2.6327069e-09 
5.3120000e+04 2.6480718e-09 
5.3248000e+04 2.5910341e-09 
5.3376000e+04 2.6050229e-09 
5.3504000e+04 2.6485254e-09 
5.3632000e+04 2.6873199e-09 
5.3760000e+04 2.6651177e-09 
5.3888000e+04 2.5562441e-09 
5.4016000e+04 2.5222477e-09 
5.4144000e+04 2.5509281e-09 
5.4272000e+04 2.6164428e-09 
5.4400000e+04 2.6240436e-09 
5.4528000e+04 2.6263323e-09 
5.4656000e+04 2.5946154e-09 
5.4784000e+04 2.5203211e-09 
5.4912000e+04 2.5497577e-09 
5.5040000e+04 2.6063103e-09 
5.5168000e+04 2.6437548e-09 
5.5296000e+04 2.6249427e-09 
5.5424000e+04 2.6517495e-09 
5.5552000e+04 2.5471387e-09 
5.5680000e+04 2.5875089e-09 
5.5808000e+04 2.5677265e-09 
5.5936000e+04 2.9145721e-09 
5.6064000e+04 2.9205818e-09 
5.6192000e+04 2.6051887e-09 
5.6320000e+04 2.6351710e-09 
5.6448000e+04 2.6300722e-09 
5.6576000e+04 2.7907974e-09 
5.6704000e+04 2.9523584e-09 
5.6832000e+04 2.9933676e-09 
5.6960000e+04 2.8922702e-09 
5.7088000e+04 2.8029949e-09 
5.7216000e+04 2.6930975e-09 
5.7344000e+04 2.6193057e-09 
5.7472000e+04 2.5500824e-09 
5.7600000e+04 2.5960232e-09 
5.7728000e+04 2.5790736e-09 
5.7856000e+04 2.5495392e-09 
5.7984000e+04 2.5325542e-09 
5.8112000e+04 2.5289975e-09 
5.8240000e+04 2.5053675e-09 
5.8368000e+04 2.5490914e-09 
5.8496000e+04 2.5563787e-09 
5.8624000e+04 2.5176716e-09 
5.8752000e+04 2.6027986e-09 
5.8880000e+04 2.5535623e-09 
5.9008000e+04 2.5639120e-09 
5.9136000e+04 2.5645257e-09 
5.9264000e+04 2.5086870e-09 
5.9392000e+04 2.5083291e-09 
5.9520000e+04 2.5013160e-09 
5.9648000e+04 2.5472562e-09 
5.9776000e+04 2.5931970e-09 
5.9904000e+04 2.5580185e-09 
6.0032000e+04 2.5408315e-09 
6.0160000e+04 2.5661988e-09 
6.0288000e+04 2.5190707e-09 
6.0416000e+04 2.5301972e-09 
6.0544000e+04 2.5880202e-09 
6.0672000e+04 2.5540614e-09 
6.0800000e+04 2.5488451e-09 
6.0928000e+04 2.5042619e-09 
6.1056000e+04 2.4834574e-09 
6.1184000e+04 2.5330769e-09 
6.1312000e+04 2.5496514e-09 
6.1440000e+04 2.4982036e-09 
6.1568000e+04 2.4847939e-09 
6.1696000e+04 2.5296749e-09 
6.1824000e+04 2.5364277e-09 
6.1952000e+04 2.5024147e-09 
6.2080000e+04 2.5864864e-09 
6.2208000e+04 2.6705895e-09 
6.2336000e+04 2.7575726e-09 
6.2464000e+04 2.8012104e-09 
6.2592000e+04 2.6731182e-09 
6.2720000e+04 2.6670557e-09 
6.2848000e+04 2.6659606e-09 
6.2976000e+04 2.6997529e-09 
6.3104000e+04 2.7745495e-09 
6.3232000e+04 2.9106644e-09 
6.3360000e+04 3.0637395e-09 
6.3488000e+04 2.8830187e-09 
6.3616000e+04 2.7445781e-09 
6.3744000e+04 2.7706835e-09 
6.3872000e+04 2.8436273e-09 
6.4000000e+04 3.2579341e-09 
6.4128000e+04 3.0466183e-09 
6.4256000e+04 3.0865299e-09 
6.4384000e+04 3.5783774e-09 
6.4512000e+04 4.4674597e-09 
6.4640000e+04 5.5404077e-09 
6.4768000e+04 6.8765393e-09 
6.4896000e+04 6.9757471e-09 
6.5024000e+04 5.8317329e-09 
6.5152000e+04 4.2012429e-09 
6.5280000e+04 3.3033403e-09 
6.5408000e+04 2.9423652e-09 
6.5536000e+04 2.9643374e-09 
6.5664000e+04 2.9407634e-09 
6.5792000e+04 2.8553284e-09 
6.5920000e+04 2.7583902e-09 
6.6048000e+04 2.7492590e-09 
6.6176000e+04 2.7035854e-09 
6.6304000e+04 2.6846776e-09 
6.6432000e+04 2.6883176e-09 
6.6560000e+04 2.7113083e-09 
6.6688000e+04 2.6182303e-09 
6.6816000e+04 2.6552223e-09 
6.6944000e+04 2.6853557e-09 
6.7072000e+04 2.6674949e-09 
6.7200000e+04 2.7188980e-09 
6.7328000e+04 2.7351503e-09 
6.7456000e+04 2.7922993e-09 
6.7584000e+04 2.7245222e-09 
6.7712000e+04 2.6759372e-09 
6.7840000e+04 2.6388189e-09 
6.7968000e+04 2.6454099e-09 
6.8096000e+04 2.8101563e-09 
6.8224000e+04 3.0407368e-09 
6.8352000e+04 2.6782123e-09 
6.8480000e+04 2.5844651e-09 
6.8608000e+04 2.6617080e-09 
6.8736000e+04 2.6384077e-09 
6.8864000e+04 2.6109102e-09 
6.8992000e+04 2.6362013e-09 
6.9120000e+04 2.8313774e-09 
6.9248000e+04 3.1485443e-09 
6.9376000e+04 2.9933609e-09 
6.9504000e+04 2.7255693e-09 
6.9632000e+04 2.6578648e-09 
6.9760000e+04 2.6621814e-09 
6.9888000e+04 2.6269551e-09 
7.0016000e+04 2.6370639e-09 
7.0144000e+04 2.6695575e-09 
7.0272000e+04 2.6557236e-09 
7.0400000e+04 2.6954996e-09 
7.0528000e+04 2.7334330e-09 
7.0656000e+04 2.7238700e-09 
7.0784000e+04 2.7038465e-09 
7.0912000e+04 2.7326228e-09 
7.1040000e+04 2.7595475e-09 
7.1168000e+04 2.7793363e-09 
7.1296000e+04 2.7651827e-09 
7.1424000e+04 2.7705678e-09 
7.1552000e+04 2.8053595e-09 
7.1680000e+04 2.7682507e-09 
7.1808000e+04 2.7648730e-09 
7.1936000e+04 2.9712586e-09 
7.2064000e+04 2.9546152e-09 
7.2192000e+04 2.7744582e-09 
7.2320000e+04 2.8088791e-09 
7.2448000e+04 2.8335854e-09 
7.2576000e+04 2.9267579e-09 
7.2704000e+04 2.9343128e-09 
7.2832000e+04 3.0142044e-09 
7.2960000e+04 3.0413512e-09 
7.3088000e+04 2.9676461e-09 
7.3216000e+04 2.8773708e-09 
7.3344000e+04 2.8188831e-09 
7.3472000e+04 2.8404008e-09 
7.3600000e+04 2.8994813e-09 
7.3728000e+04 2.8848235e-09 
7.3856000e+04 3.0432952e-09 
7.3984000e+04 3.9748906e-09 
7.4112000e+04 3.6712875e-09 
7.4240000e+04 3.1934706e-09 
7.4368000e+04 3.0723157e-09 
7.4496000e+04 2.9972023e-09 
7.4624000e+04 2.9465164e-09 
7.4752000e+04 3.0425134e-09 
7.4880000e+04 3.0457754e-09 
7.5008000e+04 2.9904768e-09 
7.5136000e+04 2.9684672e-09 
7.5264000e+04 3.0079561e-09 
7.5392000e+04 3.0062259e-09 
7.5520000e+04 2.9854312e-09 
7.5648000e+04 3.0843075e-09 
7.5776000e+04 3.0912100e-09 
7.5904000e+04 2.9538694e-09 
7.6032000e+04 2.9515805e-09 
7.6160000e+04 2.9017553e-09 
7.6288000e+04 2.9303078e-09 
7.6416000e+04 3.0606395e-09 
7.6544000e+04 3.2259557e-09 
7.6672000e+04 3.2283156e-09 
7.6800000e+04 3.4973286e-09 
7.6928000e+04 3.4386760e-09 
7.7056000e+04 3.1702108e-09 
7.7184000e+04 3.1480742e-09 
7.7312000e+04 3.0834950e-09 
7.7440000e+04 3.0462237e-09 
7.7568000e+04 3.0218523e-09 
7.7696000e+04 3.0067806e-09 
7.7824000e+04 3.0514524e-09 
7.7952000e+04 3.0533560e-09 
7.8080000e+04 3.0664855e-09 
7.8208000e+04 3.0781775e-09 
7.8336000e+04 3.3282492e-09 
7.8464000e+04 3.2256511e-09 
7.8592000e+04 3.1458767e-09 
7.8720000e+04 3.2535232e-09 
7.8848000e+04 3.1665790e-09 
7.8976000e+04 3.3692449e-09 
7.9104000e+04 3.5233987e-09 
7.9232000e+04 3.2278549e-09 
7.9360000e+04 3.1315543e-09 
7.9488000e+04 3.1670935e-09 
7.9616000e+04 3.2585497e-09 
7.9744000e+04 3.1967753e-09 
7.9872000e+04 3.3460492e-09 
8.0000000e+04 3.8572430e-09 
8.0128000e+04 3.4459857e-09 
8.0256000e+04 3.2973251e-09 
8.0384000e+04 3.3228527e-09 
8.0512000e+04 3.4654424e-09 
8.0640000e+04 5.1839821e-09 
8.0768000e+04 1.1955272e-08 
8.0896000e+04 8.4087279e-09 
8.1024000e+04 4.0196650e-09 
8.1152000e+04 3.4490366e-09 
8.1280000e+04 3.4298602e-09 
8.1408000e+04 4.0127595e-09 
8.1536000e+04 4.1824557e-09 
8.1664000e+04 3.4624530e-09 
8.1792000e+04 3.3676324e-09 
8.1920000e+04 3.4035479e-09 
8.2048000e+04 3.4494683e-09 
8.2176000e+04 3.4359662e-09 
8.2304000e+04 3.4512260e-09 
8.2432000e+04 3.5440006e-09 
8.2560000e+04 3.5241878e-09 
8.2688000e+04 3.5306325e-09 
8.2816000e+04 3.5500682e-09 
8.2944000e+04 3.4247800e-09 
8.3072000e+04 3.4833716e-09 
8.3200000e+04 3.5506063e-09 
8.3328000e+04 3.5295473e-09 
8.3456000e+04 3.4934373e-09 
8.3584000e+04 3.5236849e-09 
8.3712000e+04 3.5254806e-09 
8.3840000e+04 3.5399250e-09 
8.3968000e+04 3.5878192e-09 
8.4096000e+04 3.6177956e-09 
8.4224000e+04 3.6322114e-09 
8.4352000e+04 3.6789460e-09 
8.4480000e+04 3.6309675e-09 
8.4608000e+04 3.6337433e-09 
8.4736000e+04 3.7082666e-09 
8.4864000e+04 3.7395615e-09 
8.4992000e+04 3.6666790e-09 
8.5120000e+04 3.7277958e-09 
8.5248000e+04 3.8146797e-09 
8.5376000e+04 3.8235024e-09 
8.5504000e+04 3.8424739e-09 
8.5632000e+04 3.8073069e-09 
8.5760000e+04 3.7924712e-09 
8.5888000e+04 3.8436387e-09 
8.6016000e+04 3.9484789e-09 
8.6144000e+04 4.0320418e-09 
8.6272000e+04 3.9855186e-09 
8.6400000e+04 3.9835149e-09 
8.6528000e+04 3.9756589e-09 
8.6656000e+04 3.9715404e-09 
8.6784000e+04 3.9435570e-09 
8.6912000e+04 3.9774926e-09 
8.7040000e+04 4.0415178e-09 
8.7168000e+04 4.0734509e-09 
8.7296000e+04 4.0911554e-09 
8.7424000e+04 4.2235171e-09 
8.7552000e+04 4.4942725e-09 
8.7680000e+04 4.5017003e-09 
8.7808000e+04 4.7589821e-09 
8.7936000e+04 5.6847220e-09 
8.8064000e+04 5.5970739e-09 
8.8192000e+04 5.5980451e-09 
8.8320000e+04 5.1539710e-09 
8.8448000e+04 4.3737014e-09 
8.8576000e+04 4.2365493e-09 
8.8704000e+04 4.3458130e-09 
8.8832000e+04 4.3683839e-09 
8.8960000e+04 4.4026671e-09 
8.9088000e+04 4.3683452e-09 
8.9216000e+04 4.4767301e-09 
8.9344000e+04 4.4339470e-09 
8.9472000e+04 4.4537369e-09 
8.9600000e+04 4.4540402e-09 
8.9728000e+04 4.5466044e-09 
8.9856000e+04 4.9719802e-09 
8.9984000e+04 6.3691985e-09 
9.0112000e+04 6.9602168e-09 
9.0240000e+04 7.1997741e-09 
9.0368000e+04 6.9208954e-09 
9.0496000e+04 6.3957994e-09 
9.0624000e+04 6.8022872e-09 
9.0752000e+04 7.2774382e-09 
9.0880000e+04 6.4900245e-09 
9.1008000e+04 5.4870974e-09 
9.1136000e+04 5.1932680e-09 
9.1264000e+04 4.9184985e-09 
9.1392000e+04 4.9196545e-09 
9.1520000e+04 5.0403672e-09 
9.1648000e+04 5.0646207e-09 
9.1776000e+04 4.9419593e-09 
9.1904000e+04 5.0450737e-09 
9.2032000e+04 5.2656470e-09 
9.2160000e+04 5.3155449e-09 
9.2288000e+04 5.3336682e-09 
9.2416000e+04 5.3998752e-09 
9.2544000e+04 5.2839946e-09 
9.2672000e+04 5.2352207e-09 
9.2800000e+04 5.4001719e-09 
9.2928000e+04 5.4608811e-09 
9.3056000e+04 5.6319895e-09 
9.3184000e+04 6.0849623e-09 
9.3312000e+04 7.5262943e-09 
9.3440000e+04 1.0408813e-08 
9.3568000e+04 1.3611063e-08 
9.3696000e+04 1.7905833e-08 
9.3824000e+04 1.8076880e-08 
9.3952000e+04 1.3756104e-08 
9.4080000e+04 9.9439861e-09 
9.4208000e+04 7.8421980e-09 
9.4336000e+04 8.1860883e-09 
9.4464000e+04 9.3458175e-09 
9.4592000e+04 1.3511274e-08 
9.4720000e+04 2.1322769e-08 
9.4848000e+04 3.7697788e-08 
9.4976000e+04 5.5559351e-08 
9.5104000e+04 5.8659158e-08 
9.5232000e+04 5.0182134e-08 
9.5360000e+04 6.9009090e-08 
9.5488000e+04 9.4700802e-08 
9.5616000e+04 8.0682398e-08 
9.5744000e+04 5.9866977e-08 
9.5872000e+04 5.9223535e-08 
9.6000000e+04 6.1520936e-08 
9.6128000e+04 6.0965981e-08 
9.6256000e+04 6.8713391e-08 
9.6384000e+04 1.0011183e-07 
9.6512000e+04 1.9847754e-07 
9.6640000e+04 2.7312430e-07 
9.6768000e+04 2.5106075e-07 
9.6896000e+04 2.0608726e-07 
9.7024000e+04 1.6111488e-07 
9.7152000e+04 1.0738660e-07 
9.7280000e+04 6.0489448e-08 
9.7408000e+04 3.1051570e-08 
9.7536000e+04 2.7374247e-08 
9.7664000e+04 7.9724323e-08 
9.7792000e+04 2.0000667e-07 
9.7920000e+04 3.4924594e-07 
9.8048000e+04 2.8045034e-07 
9.8176000e+04 5.2898983e-08 
9.8304000e+04 2.6810044e-08 
9.8432000e+04 2.8572225e-08 
9.8560000e+04 2.8515812e-08 
9.8688000e+04 2.3179126e-08 
9.8816000e+04 1.7210921e-08 
9.8944000e+04 1.3197553e-08 
9.9072000e+04 9.2931618e-09 
9.9200000e+04 8.2671088e-09 
9.9328000e+04 8.7309404e-09 
9.9456000e+04 9.0651806e-09 
9.9584000e+04 8.9063033e-09 
9.9712000e+04 1.0113721e-08 
9.9840000e+04 1.1382926e-08 
9.9968000e+04 1.1282327e-08 
1.0009600e+05 9.8798862e-09 
1.0022400e+05 9.2033385e-09 
1.0035200e+05 8.2784801e-09 
1.0048000e+05 8.2283682e-09 
1.0060800e+05 8.1914822e-09 
1.0073600e+05 7.9966371e-09 
1.0086400e+05 8.1903311e-09 
1.0099200e+05 8.7046566e-09 
1.0112000e+05 9.5285495e-09 
1.0124800e+05 1.1701386e-08 
1.0137600e+05 1.4525747e-08 
1.0150400e+05 1.4262473e-08 
1.0163200e+05 1.0866112e-08 
1.0176000e+05 9.5634309e-09 
1.0188800e+05 1.0322443e-08 
1.0201600e+05 1.0802328e-08 
1.0214400e+05 1.2310178e-08 
1.0227200e+05 1.4768466e-08 
1.0240000e+05 2.7102487e-08 
