0.0000000e+00 6.1618957e-06 
1.2800000e+02 2.6359291e-06 
2.5600000e+02 5.4662922e-07 
3.8400000e+02 1.8675497e-07 
5.1200000e+02 3.8855223e-08 
6.4000000e+02 3.2888607e-08 
7.6800000e+02 1.2244906e-08 
8.9600000e+02 7.2849851e-09 
1.0240000e+03 6.8681785e-09 
1.1520000e+03 3.2875647e-09 
1.2800000e+03 3.2519161e-09 
1.4080000e+03 1.1594955e-09 
1.5360000e+03 1.0899412e-09 
1.6640000e+03 8.3287699e-10 
1.7920000e+03 9.2214641e-10 
1.9200000e+03 1.3125199e-09 
2.0480000e+03 1.2052989e-09 
2.1760000e+03 7.3671591e-10 
2.3040000e+03 6.7532313e-10 
2.4320000e+03 9.2453895e-10 
2.5600000e+03 1.0093675e-09 
2.6880000e+03 8.2311330e-10 
2.8160000e+03 8.1179208e-10 
2.9440000e+03 9.4381092e-10 
3.0720000e+03 8.9744473e-10 
3.2000000e+03 7.2123069e-10 
3.3280000e+03 8.4458873e-10 
3.4560000e+03 3.0775016e-09 
3.5840000e+03 5.9462917e-07 
3.7120000e+03 1.5043144e-06 
3.8400000e+03 2.3178031e-07 
3.9680000e+03 1.4125581e-09 
4.0960000e+03 6.8220329e-10 
4.2240000e+03 5.1526022e-10 
4.3520000e+03 4.8102222e-10 
4.4800000e+03 5.5263855e-10 
4.6080000e+03 4.8725418e-10 
4.7360000e+03 4.4577486e-10 
4.8640000e+03 4.0965223e-10 
4.9920000e+03 4.5081205e-10 
5.1200000e+03 3.9747597e-10 
5.2480000e+03 3.8744163e-10 
5.3760000e+03 3.9207962e-10 
5.5040000e+03 4.3811799e-10 
5.6320000e+03 3.8860642e-10 
5.7600000e+03 3.4135927e-10 
5.8880000e+03 3.5179096e-10 
6.0160000e+03 4.1167672e-10 
6.1440000e+03 3.6377190e-10 
6.2720000e+03 3.4693942e-10 
6.4000000e+03 3.3555705e-10 
6.5280000e+03 3.5632752e-10 
6.6560000e+03 3.4485140e-10 
6.7840000e+03 3.2567468e-10 
6.9120000e+03 3.6661718e-10 
7.0400000e+03 4.0610898e-10 
7.1680000e+03 3.5024089e-10 
7.2960000e+03 3.4397107e-10 
7.4240000e+03 3.8398085e-10 
7.5520000e+03 3.7062639e-10 
7.6800000e+03 3.2205269e-10 
7.8080000e+03 2.9391817e-10 
7.9360000e+03 4.1389570e-10 
8.0640000e+03 4.3105997e-10 
8.1920000e+03 3.1256736e-10 
8.3200000e+03 3.1525502e-10 
8.4480000e+03 2.9729294e-10 
8.5760000e+03 2.7748054e-10 
8.7040000e+03 2.7381131e-10 
8.8320000e+03 2.7584449e-10 
8.9600000e+03 2.8368166e-10 
9.0880000e+03 2.7902702e-10 
9.2160000e+03 2.7370609e-10 
9.3440000e+03 2.7229191e-10 
9.4720000e+03 2.7546193e-10 
9.6000000e+03 2.6657732e-10 
9.7280000e+03 2.4454569e-10 
9.8560000e+03 2.1896175e-10 
9.9840000e+03 2.0366261e-10 
1.0112000e+04 2.4329233e-10 
1.0240000e+04 2.4256630e-10 
1.0368000e+04 2.4196939e-10 
1.0496000e+04 2.4969038e-10 
1.0624000e+04 2.4713206e-10 
1.0752000e+04 2.4126587e-10 
1.0880000e+04 2.3489638e-10 
1.1008000e+04 2.4182492e-10 
1.1136000e+04 2.2947678e-10 
1.1264000e+04 2.2497226e-10 
1.1392000e+04 2.2561145e-10 
1.1520000e+04 2.3826063e-10 
1.1648000e+04 2.7274014e-10 
1.1776000e+04 3.0101102e-10 
1.1904000e+04 2.5642444e-10 
1.2032000e+04 2.1761910e-10 
1.2160000e+04 2.0577411e-10 
1.2288000e+04 2.1336563e-10 
1.2416000e+04 2.1134464e-10 
1.2544000e+04 2.0899280e-10 
1.2672000e+04 2.0315297e-10 
1.2800000e+04 2.0972192e-10 
1.2928000e+04 2.0329355e-10 
1.3056000e+04 2.1578184e-10 
1.3184000e+04 2.0431482e-10 
1.3312000e+04 1.9004701e-10 
1.3440000e+04 1.9624863e-10 
1.3568000e+04 1.9655656e-10 
1.3696000e+04 1.9090823e-10 
1.3824000e+04 1.8116121e-10 
1.3952000e+04 2.0083626e-10 
1.4080000e+04 2.0454242e-10 
1.4208000e+04 1.9107767e-10 
1.4336000e+04 1.9160372e-10 
1.4464000e+04 1.8530702e-10 
1.4592000e+04 1.7712566e-10 
1.4720000e+04 1.7136796e-10 
1.4848000e+04 1.9024911e-10 
1.4976000e+04 2.1183529e-10 
1.5104000e+04 1.1548910e-08 
1.5232000e+04 5.2832988e-08 
1.5360000e+04 1.6809045e-08 
1.5488000e+04 3.4235093e-10 
1.5616000e+04 2.3357857e-10 
1.5744000e+04 2.2383938e-10 
1.5872000e+04 2.6857450e-10 
1.6000000e+04 3.8095233e-10 
1.6128000e+04 2.2768386e-10 
1.6256000e+04 1.8085952e-10 
1.6384000e+04 1.9035734e-10 
1.6512000e+04 1.9214050e-10 
1.6640000e+04 1.8649045e-10 
1.6768000e+04 1.8674862e-10 
1.6896000e+04 1.9443161e-10 
1.7024000e+04 1.9064013e-10 
1.7152000e+04 1.8081227e-10 
1.7280000e+04 1.8135148e-10 
1.7408000e+04 1.8188868e-10 
1.7536000e+04 1.7596224e-10 
1.7664000e+04 1.7637192e-10 
1.7792000e+04 1.8204972e-10 
1.7920000e+04 1.7203117e-10 
1.8048000e+04 1.7181523e-10 
1.8176000e+04 1.7892705e-10 
1.8304000e+04 1.6832055e-10 
1.8432000e+04 1.6984993e-10 
1.8560000e+04 1.7445981e-10 
1.8688000e+04 1.7384105e-10 
1.8816000e+04 1.7230110e-10 
1.8944000e+04 1.6439153e-10 
1.9072000e+04 1.5986047e-10 
1.9200000e+04 1.5573207e-10 
1.9328000e+04 1.5758972e-10 
1.9456000e+04 1.7526079e-10 
1.9584000e+04 3.1956524e-10 
1.9712000e+04 1.9106887e-10 
1.9840000e+04 1.5603398e-10 
1.9968000e+04 1.5517326e-10 
2.0096000e+04 1.5400416e-10 
2.0224000e+04 1.4990251e-10 
2.0352000e+04 1.5671146e-10 
2.0480000e+04 1.5790251e-10 
2.0608000e+04 1.4981071e-10 
2.0736000e+04 1.5080716e-10 
2.0864000e+04 1.5117188e-10 
2.0992000e+04 1.5931029e-10 
2.1120000e+04 1.5952067e-10 
2.1248000e+04 1.5329056e-10 
2.1376000e+04 1.5539423e-10 
2.1504000e+04 1.5441456e-10 
2.1632000e+04 1.5815758e-10 
2.1760000e+04 1.5490770e-10 
2.1888000e+04 1.5944188e-10 
2.2016000e+04 1.5390272e-10 
2.2144000e+04 1.4893818e-10 
2.2272000e+04 1.4709205e-10 
2.2400000e+04 1.4895912e-10 
2.2528000e+04 1.5661927e-10 
2.2656000e+04 1.5408128e-10 
2.2784000e+04 1.5312873e-10 
2.2912000e+04 1.5456383e-10 
2.3040000e+04 1.5055503e-10 
2.3168000e+04 1.5118948e-10 
2.3296000e+04 1.4846145e-10 
2.3424000e+04 1.5072704e-10 
2.3552000e+04 1.5197135e-10 
2.3680000e+04 1.5139280e-10 
2.3808000e+04 1.5589904e-10 
2.3936000e+04 2.1596624e-10 
2.4064000e+04 2.1735597e-10 
2.4192000e+04 1.4998384e-10 
2.4320000e+04 1.3762327e-10 
2.4448000e+04 1.4482955e-10 
2.4576000e+04 1.5374869e-10 
2.4704000e+04 1.8802959e-10 
2.4832000e+04 2.0920492e-10 
2.4960000e+04 1.9317191e-10 
2.5088000e+04 3.1256872e-10 
2.5216000e+04 2.2161063e-10 
2.5344000e+04 1.4819339e-10 
2.5472000e+04 1.6990662e-10 
2.5600000e+04 1.9594547e-10 
2.5728000e+04 1.6888146e-10 
2.5856000e+04 1.5875223e-10 
2.5984000e+04 1.6152316e-10 
2.6112000e+04 1.6214577e-10 
2.6240000e+04 1.6956371e-10 
2.6368000e+04 1.8199496e-10 
2.6496000e+04 2.1365679e-10 
2.6624000e+04 3.0727679e-10 
2.6752000e+04 6.8415956e-10 
2.6880000e+04 1.5114832e-09 
2.7008000e+04 1.3248236e-09 
2.7136000e+04 5.4738597e-10 
2.7264000e+04 2.7712188e-10 
2.7392000e+04 2.1265184e-10 
2.7520000e+04 1.8946532e-10 
2.7648000e+04 2.3125946e-10 
2.7776000e+04 9.2584734e-10 
2.7904000e+04 9.3147567e-10 
2.8032000e+04 2.1479755e-10 
2.8160000e+04 1.5786542e-10 
2.8288000e+04 1.5431796e-10 
2.8416000e+04 1.5557723e-10 
2.8544000e+04 1.4948340e-10 
2.8672000e+04 1.4574167e-10 
2.8800000e+04 1.4797032e-10 
2.8928000e+04 1.5128246e-10 
2.9056000e+04 1.5351524e-10 
2.9184000e+04 1.5180993e-10 
2.9312000e+04 1.4499153e-10 
2.9440000e+04 1.5079292e-10 
2.9568000e+04 1.5023766e-10 
2.9696000e+04 1.5252767e-10 
2.9824000e+04 1.5396932e-10 
2.9952000e+04 1.4740763e-10 
3.0080000e+04 1.4752842e-10 
3.0208000e+04 1.4501382e-10 
3.0336000e+04 1.4626363e-10 
3.0464000e+04 1.5910960e-10 
3.0592000e+04 1.5419602e-10 
3.0720000e+04 1.7773542e-10 
3.0848000e+04 2.3193077e-10 
3.0976000e+04 2.4082705e-10 
3.1104000e+04 1.8923248e-10 
3.1232000e+04 1.6413940e-10 
3.1360000e+04 1.5391489e-10 
3.1488000e+04 1.5303729e-10 
3.1616000e+04 1.4718413e-10 
3.1744000e+04 1.3892924e-10 
3.1872000e+04 1.4828290e-10 
3.2000000e+04 1.7842601e-10 
3.2128000e+04 1.4091346e-10 
3.2256000e+04 1.2925527e-10 
3.2384000e+04 1.2994085e-10 
3.2512000e+04 1.4244068e-10 
3.2640000e+04 1.3792734e-10 
3.2768000e+04 1.3286838e-10 
3.2896000e+04 1.3400087e-10 
3.3024000e+04 1.3263285e-10 
3.3152000e+04 1.3312569e-10 
3.3280000e+04 1.3128457e-10 
3.3408000e+04 1.3211196e-10 
3.3536000e+04 1.3389558e-10 
3.3664000e+04 1.3289027e-10 
3.3792000e+04 1.3558411e-10 
3.3920000e+04 1.3304940e-10 
3.4048000e+04 1.2666214e-10 
3.4176000e+04 1.2774509e-10 
3.4304000e+04 1.2904286e-10 
3.4432000e+04 1.2781019e-10 
3.4560000e+04 1.2726854e-10 
3.4688000e+04 1.2651703e-10 
3.4816000e+04 1.2570867e-10 
3.4944000e+04 1.2852505e-10 
3.5072000e+04 1.2450921e-10 
3.5200000e+04 1.2578516e-10 
3.5328000e+04 1.3128168e-10 
3.5456000e+04 1.3451504e-10 
3.5584000e+04 1.2975722e-10 
3.5712000e+04 1.3137424e-10 
3.5840000e+04 1.3114222e-10 
3.5968000e+04 1.3305905e-10 
3.6096000e+04 1.3440461e-10 
3.6224000e+04 1.3656061e-10 
3.6352000e+04 1.2912649e-10 
3.6480000e+04 1.2955649e-10 
3.6608000e+04 1.3086261e-10 
3.6736000e+04 1.3417931e-10 
3.6864000e+04 1.3257606e-10 
3.6992000e+04 1.3212269e-10 
3.7120000e+04 1.3729819e-10 
3.7248000e+04 1.3731055e-10 
3.7376000e+04 1.3570327e-10 
3.7504000e+04 1.3489840e-10 
3.7632000e+04 1.3404089e-10 
3.7760000e+04 1.3285234e-10 
3.7888000e+04 1.3116641e-10 
3.8016000e+04 1.3906812e-10 
3.8144000e+04 1.3793400e-10 
3.8272000e+04 1.3594993e-10 
3.8400000e+04 1.3318621e-10 
3.8528000e+04 1.3415014e-10 
3.8656000e+04 1.3348399e-10 
3.8784000e+04 1.3232332e-10 
3.8912000e+04 1.3493988e-10 
3.9040000e+04 1.3823480e-10 
3.9168000e+04 1.3241459e-10 
3.9296000e+04 1.3071785e-10 
3.9424000e+04 1.3907850e-10 
3.9552000e+04 1.3982200e-10 
3.9680000e+04 1.3675476e-10 
3.9808000e+04 1.4089892e-10 
3.9936000e+04 1.6297930e-10 
4.0064000e+04 1.6613783e-10 
4.0192000e+04 1.4327074e-10 
4.0320000e+04 1.3946476e-10 
4.0448000e+04 1.4214541e-10 
4.0576000e+04 1.4393547e-10 
4.0704000e+04 1.4062197e-10 
4.0832000e+04 1.4158964e-10 
4.0960000e+04 1.4516802e-10 
4.1088000e+04 1.4579032e-10 
4.1216000e+04 1.4453821e-10 
4.1344000e+04 1.4971664e-10 
4.1472000e+04 1.4664311e-10 
4.1600000e+04 1.4554179e-10 
4.1728000e+04 1.4625527e-10 
4.1856000e+04 1.4425505e-10 
4.1984000e+04 1.4455567e-10 
4.2112000e+04 1.4748695e-10 
4.2240000e+04 1.4709431e-10 
4.2368000e+04 1.6069530e-10 
4.2496000e+04 1.7319293e-10 
4.2624000e+04 1.5555947e-10 
4.2752000e+04 1.4512085e-10 
4.2880000e+04 1.4793523e-10 
4.3008000e+04 1.5102755e-10 
4.3136000e+04 1.4908216e-10 
4.3264000e+04 1.4972157e-10 
4.3392000e+04 1.4852700e-10 
4.3520000e+04 1.5094134e-10 
4.3648000e+04 1.5155412e-10 
4.3776000e+04 1.4930494e-10 
4.3904000e+04 1.5879965e-10 
4.4032000e+04 1.5985906e-10 
4.4160000e+04 1.4882180e-10 
4.4288000e+04 1.5231447e-10 
4.4416000e+04 1.5723679e-10 
4.4544000e+04 1.5440813e-10 
4.4672000e+04 1.5301445e-10 
4.4800000e+04 1.5565514e-10 
4.4928000e+04 1.5233956e-10 
4.5056000e+04 1.5307494e-10 
4.5184000e+04 1.5928929e-10 
4.5312000e+04 1.5809404e-10 
4.5440000e+04 1.5675276e-10 
4.5568000e+04 1.5885127e-10 
4.5696000e+04 1.6286518e-10 
4.5824000e+04 1.5908165e-10 
4.5952000e+04 1.6084782e-10 
4.6080000e+04 1.5728756e-10 
4.6208000e+04 1.5663235e-10 
4.6336000e+04 1.5924663e-10 
4.6464000e+04 1.6143911e-10 
4.6592000e+04 1.6419130e-10 
4.6720000e+04 1.7028762e-10 
4.6848000e+04 1.6735090e-10 
4.6976000e+04 1.6109102e-10 
4.7104000e+04 1.6434136e-10 
4.7232000e+04 1.6357340e-10 
4.7360000e+04 1.6771437e-10 
4.7488000e+04 1.7046907e-10 
4.7616000e+04 1.6760612e-10 
4.7744000e+04 1.6510494e-10 
4.7872000e+04 1.7677246e-10 
4.8000000e+04 1.9420972e-10 
4.8128000e+04 1.7826270e-10 
4.8256000e+04 1.7626854e-10 
4.8384000e+04 1.7140410e-10 
4.8512000e+04 1.7576490e-10 
4.8640000e+04 1.7857182e-10 
4.8768000e+04 1.7575218e-10 
4.8896000e+04 1.7255593e-10 
4.9024000e+04 1.7274625e-10 
4.9152000e+04 1.7324618e-10 
4.9280000e+04 1.6914237e-10 
4.9408000e+04 1.7696548e-10 
4.9536000e+04 1.8061821e-10 
4.9664000e+04 1.8121572e-10 
4.9792000e+04 1.7612384e-10 
4.9920000e+04 1.7292881e-10 
5.0048000e+04 1.7503925e-10 
5.0176000e+04 1.7798929e-10 
5.0304000e+04 1.7767454e-10 
5.0432000e+04 1.7953947e-10 
5.0560000e+04 1.8494847e-10 
5.0688000e+04 1.8576946e-10 
5.0816000e+04 1.7771083e-10 
5.0944000e+04 1.7266016e-10 
5.1072000e+04 1.7984725e-10 
5.1200000e+04 1.8713779e-10 
5.1328000e+04 1.8326263e-10 
5.1456000e+04 1.8788017e-10 
5.1584000e+04 1.9558781e-10 
5.1712000e+04 1.9293790e-10 
5.1840000e+04 1.9264959e-10 
5.1968000e+04 1.9401961e-10 
5.2096000e+04 1.9058780e-10 
5.2224000e+04 1.9101223e-10 
5.2352000e+04 1.9307310e-10 
5.2480000e+04 1.9504653e-10 
5.2608000e+04 1.9469351e-10 
5.2736000e+04 2.0061412e-10 
5.2864000e+04 1.9608881e-10 
5.2992000e+04 1.9807567e-10 
5.3120000e+04 2.0133524e-10 
5.3248000e+04 1.9780270e-10 
5.3376000e+04 1.9929074e-10 
5.3504000e+04 2.0846752e-10 
5.3632000e+04 2.0863375e-10 
5.3760000e+04 2.0460755e-10 
5.3888000e+04 1.9657814e-10 
5.4016000e+04 1.9613403e-10 
5.4144000e+04 2.0319045e-10 
5.4272000e+04 2.0466148e-10 
5.4400000e+04 2.1002518e-10 
5.4528000e+04 2.1164094e-10 
5.4656000e+04 2.0877400e-10 
5.4784000e+04 2.0791617e-10 
5.4912000e+04 2.0694504e-10 
5.5040000e+04 2.0616625e-10 
5.5168000e+04 2.0719058e-10 
5.5296000e+04 2.1011051e-10 
5.5424000e+04 2.1635214e-10 
5.5552000e+04 2.1133907e-10 
5.5680000e+04 2.1384876e-10 
5.5808000e+04 2.1801227e-10 
5.5936000e+04 2.3672114e-10 
5.6064000e+04 2.3302424e-10 
5.6192000e+04 2.1516579e-10 
5.6320000e+04 2.1749824e-10 
5.6448000e+04 2.2253963e-10 
5.6576000e+04 2.3040586e-10 
5.6704000e+04 2.4038219e-10 
5.6832000e+04 2.4625069e-10 
5.6960000e+04 2.4096300e-10 
5.7088000e+04 2.3459584e-10 
5.7216000e+04 2.3170424e-10 
5.7344000e+04 2.3946389e-10 
5.7472000e+04 2.3500885e-10 
5.7600000e+04 2.3416299e-10 
5.7728000e+04 2.3146471e-10 
5.7856000e+04 2.2999085e-10 
5.7984000e+04 2.3117720e-10 
5.8112000e+04 2.3511104e-10 
5.8240000e+04 2.3794169e-10 
5.8368000e+04 2.4397767e-10 
5.8496000e+04 2.4169591e-10 
5.8624000e+04 2.3806138e-10 
5.8752000e+04 2.4324959e-10 
5.8880000e+04 2.4445282e-10 
5.9008000e+04 2.4822688e-10 
5.9136000e+04 2.4757146e-10 
5.9264000e+04 2.4615607e-10 
5.9392000e+04 2.5356259e-10 
5.9520000e+04 2.5113603e-10 
5.9648000e+04 2.4612581e-10 
5.9776000e+04 2.4660027e-10 
5.9904000e+04 2.4841557e-10 
6.0032000e+04 2.5182742e-10 
6.0160000e+04 2.5716257e-10 
6.0288000e+04 2.5070129e-10 
6.0416000e+04 2.5685892e-10 
6.0544000e+04 2.6793770e-10 
6.0672000e+04 2.6383554e-10 
6.0800000e+04 2.6211930e-10 
6.0928000e+04 2.5988292e-10 
6.1056000e+04 2.6300431e-10 
6.1184000e+04 2.7110283e-10 
6.1312000e+04 2.6968200e-10 
6.1440000e+04 2.6662708e-10 
6.1568000e+04 2.6588981e-10 
6.1696000e+04 2.6891617e-10 
6.1824000e+04 2.6734293e-10 
6.1952000e+04 2.7021788e-10 
6.2080000e+04 2.8173361e-10 
6.2208000e+04 2.8868768e-10 
6.2336000e+04 2.8904923e-10 
6.2464000e+04 2.9532013e-10 
6.2592000e+04 2.8720493e-10 
6.2720000e+04 2.9323224e-10 
6.2848000e+04 2.9901090e-10 
6.2976000e+04 2.9803679e-10 
6.3104000e+04 2.9917380e-10 
6.3232000e+04 3.1083702e-10 
6.3360000e+04 3.2495531e-10 
6.3488000e+04 3.1832767e-10 
6.3616000e+04 3.0789482e-10 
6.3744000e+04 3.0455882e-10 
6.3872000e+04 3.1313963e-10 
6.4000000e+04 3.4414482e-10 
6.4128000e+04 3.3354486e-10 
6.4256000e+04 3.3600461e-10 
6.4384000e+04 3.7834544e-10 
6.4512000e+04 4.5222592e-10 
6.4640000e+04 4.9763932e-10 
6.4768000e+04 6.0125732e-10 
6.4896000e+04 6.1874750e-10 
6.5024000e+04 5.3250898e-10 
6.5152000e+04 4.2863318e-10 
6.5280000e+04 3.6723760e-10 
6.5408000e+04 3.3986561e-10 
6.5536000e+04 3.4763567e-10 
6.5664000e+04 3.4499303e-10 
6.5792000e+04 3.4046169e-10 
6.5920000e+04 3.2998893e-10 
6.6048000e+04 3.3842454e-10 
6.6176000e+04 3.3508285e-10 
6.6304000e+04 3.2796907e-10 
6.6432000e+04 3.3275110e-10 
6.6560000e+04 3.4052150e-10 
6.6688000e+04 3.3175013e-10 
6.6816000e+04 3.3291117e-10 
6.6944000e+04 3.3820538e-10 
6.7072000e+04 3.3818831e-10 
6.7200000e+04 3.4893891e-10 
6.7328000e+04 3.5735090e-10 
6.7456000e+04 3.6229869e-10 
6.7584000e+04 3.5267814e-10 
6.7712000e+04 3.5611630e-10 
6.7840000e+04 3.6010955e-10 
6.7968000e+04 3.6086553e-10 
6.8096000e+04 3.7426010e-10 
6.8224000e+04 3.9690382e-10 
6.8352000e+04 3.6282574e-10 
6.8480000e+04 3.5685530e-10 
6.8608000e+04 3.6501860e-10 
6.8736000e+04 3.6117390e-10 
6.8864000e+04 3.6442913e-10 
6.8992000e+04 3.7338668e-10 
6.9120000e+04 3.9079112e-10 
6.9248000e+04 4.2384568e-10 
6.9376000e+04 4.1053563e-10 
6.9504000e+04 3.8535350e-10 
6.9632000e+04 3.8842554e-10 
6.9760000e+04 3.8985687e-10 
6.9888000e+04 3.8504222e-10 
7.0016000e+04 3.7871531e-10 
7.0144000e+04 3.8667328e-10 
7.0272000e+04 3.9199868e-10 
7.0400000e+04 4.0054526e-10 
7.0528000e+04 4.1185394e-10 
7.0656000e+04 4.1467352e-10 
7.0784000e+04 4.1014006e-10 
7.0912000e+04 4.1282550e-10 
7.1040000e+04 4.1695900e-10 
7.1168000e+04 4.2534962e-10 
7.1296000e+04 4.2133180e-10 
7.1424000e+04 4.2146692e-10 
7.1552000e+04 4.3835952e-10 
7.1680000e+04 4.3475409e-10 
7.1808000e+04 4.3476459e-10 
7.1936000e+04 4.5343010e-10 
7.2064000e+04 4.5271575e-10 
7.2192000e+04 4.4827211e-10 
7.2320000e+04 4.5381759e-10 
7.2448000e+04 4.4464665e-10 
7.2576000e+04 4.6053167e-10 
7.2704000e+04 4.6138598e-10 
7.2832000e+04 4.8012522e-10 
7.2960000e+04 4.8281068e-10 
7.3088000e+04 4.6918774e-10 
7.3216000e+04 4.6317261e-10 
7.3344000e+04 4.6162213e-10 
7.3472000e+04 4.5615550e-10 
7.3600000e+04 4.8187648e-10 
7.3728000e+04 4.8470683e-10 
7.3856000e+04 5.3712557e-10 
7.3984000e+04 7.7082746e-10 
7.4112000e+04 6.8917771e-10 
7.4240000e+04 5.6386967e-10 
7.4368000e+04 5.3053528e-10 
7.4496000e+04 5.2027194e-10 
7.4624000e+04 5.1610721e-10 
7.4752000e+04 5.3727894e-10 
7.4880000e+04 5.3399496e-10 
7.5008000e+04 5.1719640e-10 
7.5136000e+04 5.1927662e-10 
7.5264000e+04 5.3366206e-10 
7.5392000e+04 5.4428156e-10 
7.5520000e+04 5.4952853e-10 
7.5648000e+04 5.6079369e-10 
7.5776000e+04 5.5312177e-10 
7.5904000e+04 5.4704230e-10 
7.6032000e+04 5.3722110e-10 
7.6160000e+04 5.2925414e-10 
7.6288000e+04 5.4917748e-10 
7.6416000e+04 5.7445165e-10 
7.6544000e+04 6.1253425e-10 
7.6672000e+04 6.3478073e-10 
7.6800000e+04 6.9131489e-10 
7.6928000e+04 6.8609735e-10 
7.7056000e+04 6.1364358e-10 
7.7184000e+04 5.8901756e-10 
7.7312000e+04 5.7277638e-10 
7.7440000e+04 5.8240929e-10 
7.7568000e+04 5.8186594e-10 
7.7696000e+04 5.8804311e-10 
7.7824000e+04 5.8280203e-10 
7.7952000e+04 5.8233252e-10 
7.8080000e+04 5.8869820e-10 
7.8208000e+04 6.1119199e-10 
7.8336000e+04 6.2956945e-10 
7.8464000e+04 6.0579242e-10 
7.8592000e+04 6.1370825e-10 
7.8720000e+04 6.4728312e-10 
7.8848000e+04 6.4462635e-10 
7.8976000e+04 6.9701428e-10 
7.9104000e+04 7.3490458e-10 
7.9232000e+04 6.4380584e-10 
7.9360000e+04 6.2574473e-10 
7.9488000e+04 6.5429701e-10 
7.9616000e+04 7.0133627e-10 
7.9744000e+04 6.8084888e-10 
7.9872000e+04 6.8716938e-10 
8.0000000e+04 7.6307366e-10 
8.0128000e+04 6.9863709e-10 
8.0256000e+04 6.8077410e-10 
8.0384000e+04 6.9886724e-10 
8.0512000e+04 7.5411832e-10 
8.0640000e+04 1.2437695e-09 
8.0768000e+04 3.2672407e-09 
8.0896000e+04 2.1987723e-09 
8.1024000e+04 8.9379448e-10 
8.1152000e+04 7.6352119e-10 
8.1280000e+04 7.4778284e-10 
8.1408000e+04 9.1940872e-10 
8.1536000e+04 9.7411723e-10 
8.1664000e+04 7.6611262e-10 
8.1792000e+04 7.3909462e-10 
8.1920000e+04 7.5963297e-10 
8.2048000e+04 7.5803158e-10 
8.2176000e+04 7.5469980e-10 
8.2304000e+04 7.6163392e-10 
8.2432000e+04 7.8917778e-10 
8.2560000e+04 7.8983309e-10 
8.2688000e+04 8.0014673e-10 
8.2816000e+04 7.9418278e-10 
8.2944000e+04 7.7736845e-10 
8.3072000e+04 7.9798496e-10 
8.3200000e+04 8.1448653e-10 
8.3328000e+04 8.0303175e-10 
8.3456000e+04 8.0049117e-10 
8.3584000e+04 8.0998119e-10 
8.3712000e+04 8.2687424e-10 
8.3840000e+04 8.4013452e-10 
8.3968000e+04 8.3554785e-10 
8.4096000e+04 8.2908147e-10 
8.4224000e+04 8.5537688e-10 
8.4352000e+04 8.7044844e-10 
8.4480000e+04 8.6495328e-10 
8.4608000e+04 8.6041813e-10 
8.4736000e+04 8.6952184e-10 
8.4864000e+04 8.8830998e-10 
8.4992000e+04 8.7145252e-10 
8.5120000e+04 8.8973701e-10 
8.5248000e+04 9.2084323e-10 
8.5376000e+04 9.2290403e-10 
8.5504000e+04 9.2938962e-10 
8.5632000e+04 9.4582964e-10 
8.5760000e+04 9.4301333e-10 
8.5888000e+04 9.4866059e-10 
8.6016000e+04 9.8037689e-10 
8.6144000e+04 9.8231423e-10 
8.6272000e+04 9.6945663e-10 
8.6400000e+04 9.7902375e-10 
8.6528000e+04 1.0131337e-09 
8.6656000e+04 1.0083219e-09 
8.6784000e+04 1.0074233e-09 
8.6912000e+04 1.0000527e-09 
8.7040000e+04 1.0214077e-09 
8.7168000e+04 1.0402518e-09 
8.7296000e+04 1.0568829e-09 
8.7424000e+04 1.1208221e-09 
8.7552000e+04 1.1849159e-09 
8.7680000e+04 1.1705138e-09 
8.7808000e+04 1.2695982e-09 
8.7936000e+04 1.5190296e-09 
8.8064000e+04 1.4988539e-09 
8.8192000e+04 1.5699942e-09 
8.8320000e+04 1.4214885e-09 
8.8448000e+04 1.2003043e-09 
8.8576000e+04 1.1535426e-09 
8.8704000e+04 1.1661575e-09 
8.8832000e+04 1.1836677e-09 
8.8960000e+04 1.1942861e-09 
8.9088000e+04 1.1730998e-09 
8.9216000e+04 1.1987606e-09 
8.9344000e+04 1.2015595e-09 
8.9472000e+04 1.2060348e-09 
8.9600000e+04 1.2087366e-09 
8.9728000e+04 1.2486927e-09 
8.9856000e+04 1.3863789e-09 
8.9984000e+04 1.8968012e-09 
9.0112000e+04 2.0532724e-09 
9.0240000e+04 2.1559523e-09 
9.0368000e+04 2.0344135e-09 
9.0496000e+04 1.8687250e-09 
9.0624000e+04 2.0576010e-09 
9.0752000e+04 2.1845172e-09 
9.0880000e+04 1.9493265e-09 
9.1008000e+04 1.6006525e-09 
9.1136000e+04 1.4734550e-09 
9.1264000e+04 1.4292539e-09 
9.1392000e+04 1.4262536e-09 
9.1520000e+04 1.4719900e-09 
9.1648000e+04 1.4651276e-09 
9.1776000e+04 1.4507719e-09 
9.1904000e+04 1.4980840e-09 
9.2032000e+04 1.5366229e-09 
9.2160000e+04 1.5579603e-09 
9.2288000e+04 1.5935576e-09 
9.2416000e+04 1.6059160e-09 
9.2544000e+04 1.5756446e-09 
9.2672000e+04 1.5644328e-09 
9.2800000e+04 1.6199381e-09 
9.2928000e+04 1.6917543e-09 
9.3056000e+04 1.7479919e-09 
9.3184000e+04 1.8915063e-09 
9.3312000e+04 2.4007465e-09 
9.3440000e+04 3.3935104e-09 
9.3568000e+04 4.4998423e-09 
9.3696000e+04 6.0057377e-09 
9.3824000e+04 6.0508514e-09 
9.3952000e+04 4.5911603e-09 
9.4080000e+04 3.2448613e-09 
9.4208000e+04 2.4921873e-09 
9.4336000e+04 2.5776072e-09 
9.4464000e+04 2.9600378e-09 
9.4592000e+04 4.4596971e-09 
9.4720000e+04 7.4186537e-09 
9.4848000e+04 1.3324837e-08 
9.4976000e+04 1.9425215e-08 
9.5104000e+04 2.0794859e-08 
9.5232000e+04 1.8059303e-08 
9.5360000e+04 2.4691373e-08 
9.5488000e+04 3.3740758e-08 
9.5616000e+04 2.8815851e-08 
9.5744000e+04 2.1815307e-08 
9.5872000e+04 2.1302901e-08 
9.6000000e+04 2.1966970e-08 
9.6128000e+04 2.1855488e-08 
9.6256000e+04 2.4792183e-08 
9.6384000e+04 3.6854551e-08 
9.6512000e+04 7.2436698e-08 
9.6640000e+04 1.0064084e-07 
9.6768000e+04 9.4121759e-08 
9.6896000e+04 7.7142268e-08 
9.7024000e+04 5.9194345e-08 
9.7152000e+04 3.9519097e-08 
9.7280000e+04 2.1946528e-08 
9.7408000e+04 1.1082413e-08 
9.7536000e+04 9.7734834e-09 
9.7664000e+04 2.9277478e-08 
9.7792000e+04 7.3328451e-08 
9.7920000e+04 1.2679251e-07 
9.8048000e+04 1.0183194e-07 
9.8176000e+04 1.9172621e-08 
9.8304000e+04 9.5919495e-09 
9.8432000e+04 1.0463689e-08 
9.8560000e+04 1.0591831e-08 
9.8688000e+04 8.5323828e-09 
9.8816000e+04 6.3627259e-09 
9.8944000e+04 4.7798134e-09 
9.9072000e+04 3.2890739e-09 
9.9200000e+04 2.9471894e-09 
9.9328000e+04 3.0993528e-09 
9.9456000e+04 3.2089851e-09 
9.9584000e+04 3.1826126e-09 
9.9712000e+04 3.6913597e-09 
9.9840000e+04 4.2784705e-09 
9.9968000e+04 4.1538986e-09 
1.0009600e+05 3.5384795e-09 
1.0022400e+05 3.2707150e-09 
1.0035200e+05 2.9407246e-09 
1.0048000e+05 2.9882383e-09 
1.0060800e+05 3.0183376e-09 
1.0073600e+05 2.9620406e-09 
1.0086400e+05 3.0392882e-09 
1.0099200e+05 3.2406955e-09 
1.0112000e+05 3.5155001e-09 
1.0124800e+05 4.3972372e-09 
1.0137600e+05 5.5902567e-09 
1.0150400e+05 5.4327494e-09 
1.0163200e+05 4.0779344e-09 
1.0176000e+05 3.6555603e-09 
1.0188800e+05 3.9065471e-09 
1.0201600e+05 4.0531161e-09 
1.0214400e+05 4.6469055e-09 
1.0227200e+05 5.6464655e-09 
1.0240000e+05 1.0576142e-08 
